12000
11
11399

14 9
16 0
18 3
19 8
49 7
53 3
64 0
64 8
69 7
69 0
95 10
99 9
109 6
110 4
123 4
134 1
141 9
148 6
148 5
149 8
150 4
161 9
172 7
174 3
175 1
194 2
206 8
210 6
211 7
221 4
223 7
236 3
238 1
240 10
249 7
250 1
254 3
254 0
260 9
275 9
287 0
287 1
298 5
299 8
314 5
331 7
334 5
342 1
347 7
367 3
375 10
375 5
376 8
383 3
386 8
400 5
401 8
405 0
406 2
406 10
420 10
421 4
423 0
424 8
425 6
438 7
448 4
468 8
487 7
510 10
539 7
540 4
554 2
557 5
570 5
580 5
635 3
645 2
645 4
659 4
664 0
681 0
683 5
690 3
694 7
703 8
713 5
723 8
733 4
734 10
769 1
772 9
784 7
793 9
799 6
809 9
823 9
834 7
835 4
836 2
837 3
841 3
847 9
853 9
865 1
892 2
896 7
899 2
928 10
932 0
936 2
937 9
953 7
954 8
954 9
957 10
957 9
960 3
966 9
972 9
979 4
984 3
991 2
996 6
997 0
1009 2
1025 0
1026 10
1034 2
1038 0
1041 10
1054 0
1055 4
1062 2
1068 10
1074 7
1086 4
1096 7
1105 8
1119 7
1125 8
1160 1
1164 5
1173 6
1178 4
1195 8
1199 6
1204 6
1204 8
1210 6
1238 2
1249 9
1267 4
1269 2
1272 4
1279 10
1297 6
1300 6
1306 4
1323 0
1342 0
1378 1
1380 4
1387 9
1408 5
1412 9
1414 10
1421 6
1425 4
1427 1
1439 5
1454 4
1462 1
1471 9
1500 4
1508 3
1510 6
1548 5
1575 10
1577 8
1582 1
1583 1
1585 1
1587 4
1606 4
1609 7
1609 9
1614 3
1616 9
1638 8
1640 3
1642 0
1644 2
1661 5
1690 10
1694 0
1706 1
1723 8
1728 10
1734 10
1735 5
1740 6
1750 2
1759 6
1765 5
1766 6
1786 8
1806 9
1824 10
1830 6
1830 10
1840 0
1842 3
1845 1
1853 8
1853 0
1890 7
1910 10
1911 10
1916 7
1918 1
1939 10
1947 1
1949 7
1959 9
1987 0
2002 10
2027 7
2039 1
2063 9
2071 5
2078 10
2079 4
2081 6
2086 8
2088 3
2088 0
2096 3
2096 0
2101 5
2106 8
2109 7
2118 1
2125 6
2130 8
2142 7
2146 2
2153 5
2156 2
2161 8
2171 9
2174 6
2184 1
2193 2
2195 3
2205 2
2210 3
2221 1
2234 6
2234 1
2245 5
2249 0
2257 9
2258 2
2261 0
2268 5
2272 4
2276 9
2281 9
2303 0
2307 3
2321 7
2322 6
2330 7
2332 8
2361 7
2362 0
2364 3
2364 2
2372 1
2374 5
2395 3
2396 8
2397 8
2398 5
2401 6
2402 2
2403 9
2420 10
2423 8
2425 9
2431 3
2434 1
2467 8
2485 7
2489 9
2499 0
2512 4
2513 6
2518 10
2531 9
2544 8
2553 8
2554 8
2558 0
2565 4
2574 8
2578 1
2588 4
2598 0
2621 10
2649 4
2655 4
2683 7
2695 9
2696 1
2712 10
2714 7
2725 0
2726 1
2734 6
2738 3
2741 9
2742 10
2756 3
2770 0
2780 4
2807 7
2836 2
2853 0
2866 9
2880 10
2902 8
2903 2
2916 2
2917 10
2917 1
2926 5
2930 0
2939 8
2953 2
2962 5
2988 3
2993 4
2996 5
3014 1
3019 6
3022 2
3023 7
3024 10
3027 1
3031 9
3033 3
3047 3
3053 2
3056 1
3058 8
3059 5
3063 5
3097 8
3107 7
3127 2
3135 9
3145 4
3171 10
3181 10
3187 7
3187 0
3193 0
3204 0
3205 7
3216 10
3223 7
3228 2
3233 6
3234 3
3237 7
3240 0
3264 4
3269 6
3271 2
3274 4
3285 1
3303 9
3308 8
3315 9
3375 1
3391 10
3393 9
3397 5
3407 2
3415 2
3417 0
3421 7
3422 1
3428 9
3431 9
3434 1
3438 6
3443 10
3453 1
3458 1
3468 0
3469 8
3476 6
3496 3
3509 5
3516 9
3519 0
3547 6
3549 8
3558 5
3582 4
3629 9
3630 9
3637 0
3652 7
3657 6
3665 5
3677 2
3691 8
3700 9
3708 4
3729 7
3731 8
3738 6
3745 7
3758 10
3780 10
3781 8
3785 2
3785 3
3787 10
3788 10
3791 3
3800 7
3800 4
3803 4
3804 1
3811 8
3815 10
3816 3
3826 6
3838 5
3840 3
3851 4
3857 1
3865 10
3868 7
3877 3
3895 5
3913 6
3920 0
3922 3
3927 7
3928 4
3930 8
3936 5
3938 3
3938 2
3944 8
3945 0
3946 6
3951 0
3958 8
3960 10
3965 5
3970 6
3979 10
3981 6
3984 2
4002 9
4012 9
4016 0
4021 0
4022 9
4040 9
4042 2
4057 7
4061 6
4076 7
4092 2
4096 2
4109 0
4119 9
4125 3
4132 4
4132 2
4146 0
4152 5
4167 6
4180 6
4181 8
4186 0
4206 5
4212 3
4223 6
4236 7
4247 6
4261 10
4274 5
4284 1
4286 2
4293 9
4298 6
4303 2
4306 9
4308 1
4310 6
4313 7
4319 1
4324 3
4329 6
4337 2
4340 5
4354 4
4358 2
4362 5
4368 10
4384 3
4384 9
4397 1
4443 7
4458 3
4485 0
4490 7
4503 1
4513 3
4519 2
4519 8
4524 9
4538 3
4556 2
4563 2
4573 0
4580 9
4581 7
4589 1
4615 7
4637 3
4647 0
4647 10
4649 1
4665 1
4668 4
4671 4
4672 1
4679 3
4679 1
4697 3
4699 4
4704 5
4712 2
4753 3
4755 4
4757 6
4758 0
4761 3
4762 7
4794 7
4801 5
4802 5
4804 1
4804 5
4805 3
4848 8
4854 3
4855 1
4862 3
4866 5
4909 5
4918 1
4923 2
4924 2
4929 10
4935 6
4942 0
4944 3
4950 5
4954 5
4965 8
4970 5
4973 7
4992 4
5003 0
5007 7
5022 4
5031 3
5035 3
5043 2
5044 1
5056 9
5058 9
5065 1
5067 8
5071 4
5095 4
5100 0
5113 3
5115 2
5148 8
5149 6
5155 1
5159 9
5162 6
5165 2
5170 9
5174 3
5187 0
5200 5
5206 10
5217 5
5224 3
5255 1
5256 3
5264 6
5270 9
5288 5
5292 7
5295 0
5297 10
5298 9
5305 6
5318 2
5322 6
5324 10
5327 5
5332 6
5338 9
5359 3
5362 7
5382 8
5399 6
5407 0
5415 8
5426 4
5447 3
5450 1
5452 2
5459 2
5469 8
5488 6
5490 8
5498 1
5518 4
5525 10
5534 10
5569 8
5587 1
5598 6
5609 8
5620 1
5633 7
5640 9
5656 1
5683 2
5695 2
5695 10
5695 9
5702 2
5722 1
5732 3
5739 6
5748 6
5759 3
5763 8
5769 3
5790 1
5795 4
5796 2
5801 8
5802 10
5812 3
5820 5
5825 6
5830 5
5835 1
5839 10
5842 3
5860 2
5864 10
5879 0
5882 8
5887 9
5895 0
5897 10
5900 2
5909 6
5918 10
5930 10
5938 10
5962 4
5999 8
6006 5
6022 10
6023 8
6037 8
6046 0
6049 4
6071 8
6081 9
6102 7
6108 1
6109 4
6111 3
6126 4
6133 7
6146 1
6157 0
6164 3
6179 8
6188 9
6189 3
6190 5
6201 0
6205 10
6212 3
6213 1
6216 3
6237 5
6247 7
6261 0
6262 7
6285 0
6287 4
6289 0
6301 8
6309 2
6310 3
6351 9
6366 10
6377 7
6378 1
6406 9
6409 2
6433 3
6458 5
6461 7
6462 0
6467 4
6468 4
6471 8
6473 3
6476 2
6484 10
6485 7
6488 1
6495 8
6518 5
6532 3
6545 0
6545 2
6554 7
6557 9
6558 9
6564 2
6569 6
6571 1
6572 1
6584 0
6589 7
6597 10
6599 4
6600 9
6604 3
6605 0
6605 3
6612 7
6619 6
6628 2
6634 7
6642 10
6647 4
6678 7
6679 2
6684 8
6687 0
6687 3
6695 5
6700 1
6701 5
6712 7
6714 2
6730 5
6740 7
6743 10
6747 7
6750 0
6756 5
6780 6
6784 5
6789 4
6793 6
6794 6
6802 5
6803 0
6817 3
6840 3
6852 6
6870 8
6877 9
6885 9
6896 7
6897 5
6900 9
6903 5
6905 1
6909 2
6915 1
6922 4
6923 5
6927 0
6937 0
6952 6
6952 3
6955 3
6963 7
6970 7
6971 6
6972 7
6985 9
6991 5
6998 4
7005 1
7011 1
7026 2
7044 7
7070 6
7090 8
7099 2
7102 4
7106 0
7111 6
7115 0
7129 2
7131 10
7131 4
7137 6
7141 5
7142 7
7147 3
7167 5
7167 7
7183 1
7190 2
7205 2
7223 1
7226 8
7230 9
7243 8
7249 1
7252 3
7254 9
7260 1
7270 8
7275 2
7278 8
7293 6
7295 10
7296 8
7305 10
7311 10
7322 10
7334 0
7338 9
7354 9
7362 5
7370 7
7375 4
7387 4
7391 10
7414 2
7414 10
7415 5
7420 10
7437 8
7455 3
7459 0
7481 0
7483 9
7500 9
7505 7
7506 4
7509 0
7511 10
7513 7
7525 6
7529 6
7531 5
7532 2
7538 1
7551 7
7561 7
7573 2
7583 8
7602 9
7608 10
7613 0
7616 1
7631 0
7635 8
7637 0
7655 8
7677 3
7686 0
7688 5
7689 8
7698 1
7698 10
7705 10
7709 3
7710 2
7715 1
7730 3
7730 7
7747 10
7768 3
7779 3
7780 5
7786 9
7801 6
7808 5
7814 4
7816 8
7822 5
7823 10
7827 4
7830 0
7838 9
7839 10
7848 8
7858 0
7870 7
7872 4
7885 5
7892 0
7897 6
7898 2
7907 0
7909 5
7921 2
7929 2
7932 3
7943 6
7956 10
7970 0
7973 1
7998 4
8007 6
8013 1
8015 4
8019 6
8028 9
8035 4
8037 7
8045 5
8080 8
8089 9
8090 8
8109 0
8118 5
8126 0
8130 6
8141 8
8161 9
8163 1
8165 1
8168 0
8175 9
8202 4
8207 10
8222 5
8224 5
8243 6
8251 4
8252 9
8267 2
8268 2
8279 8
8297 3
8298 1
8299 1
8304 7
8324 5
8351 1
8357 4
8360 10
8369 9
8386 5
8402 1
8408 0
8435 10
8439 8
8454 7
8457 4
8470 4
8471 9
8472 2
8481 0
8483 6
8485 6
8496 4
8507 5
8509 9
8511 4
8516 1
8520 2
8527 1
8532 9
8532 2
8558 0
8561 5
8562 5
8566 8
8567 5
8577 5
8586 4
8609 8
8640 8
8658 3
8674 2
8678 2
8694 5
8706 10
8752 4
8752 3
8761 6
8766 1
8786 10
8797 1
8805 2
8807 3
8811 4
8814 2
8814 0
8824 3
8829 8
8835 7
8847 5
8857 6
8868 1
8875 8
8894 3
8895 9
8912 8
8913 10
8920 6
8930 10
8935 7
8941 5
8959 3
8966 8
8973 4
8978 7
8994 1
9016 8
9040 7
9061 10
9064 2
9069 0
9078 0
9101 0
9112 7
9128 9
9133 2
9157 5
9168 4
9191 4
9193 9
9203 8
9217 3
9219 6
9220 5
9244 10
9246 10
9251 7
9254 2
9258 7
9268 4
9272 4
9298 1
9300 7
9311 2
9313 4
9326 3
9356 3
9359 5
9367 7
9370 8
9370 1
9379 0
9384 9
9386 10
9396 8
9405 1
9418 5
9420 4
9429 7
9430 10
9432 2
9434 1
9437 2
9447 7
9449 9
9450 0
9452 7
9455 6
9456 1
9482 2
9489 0
9498 2
9506 2
9507 0
9509 7
9517 5
9519 10
9550 7
9575 3
9601 4
9605 0
9614 0
9620 3
9629 10
9630 4
9631 8
9643 9
9645 6
9654 10
9666 2
9672 7
9714 6
9715 7
9716 6
9720 10
9721 10
9723 4
9727 10
9728 7
9743 1
9772 8
9778 3
9789 3
9794 8
9796 4
9805 10
9810 5
9811 4
9824 4
9826 9
9828 3
9836 1
9839 6
9842 0
9853 6
9855 10
9861 6
9877 0
9884 8
9885 5
9901 3
9903 6
9910 5
9915 0
9915 8
9917 9
9929 5
9936 8
9945 0
9962 0
9977 5
10000 0
10013 0
10017 4
10020 6
10021 10
10041 1
10055 4
10083 7
10089 3
10092 8
10094 1
10109 0
10111 7
10114 7
10134 3
10135 4
10137 2
10155 6
10157 10
10184 2
10194 7
10196 7
10219 0
10220 3
10242 0
10247 10
10252 6
10261 3
10277 6
10278 1
10282 2
10291 6
10292 2
10298 7
10300 0
10307 7
10312 0
10318 8
10319 0
10325 9
10331 3
10332 5
10350 4
10357 6
10357 7
10383 3
10396 0
10407 7
10409 6
10417 5
10427 2
10440 8
10443 9
10444 1
10449 0
10450 6
10474 6
10476 0
10481 0
10482 7
10482 8
10500 5
10503 0
10538 0
10545 9
10546 3
10552 2
10562 10
10566 3
10569 10
10579 9
10582 5
10599 8
10600 4
10608 8
10652 10
10670 3
10680 1
10681 10
10686 4
10701 2
10709 4
10713 5
10722 3
10728 5
10730 5
10732 7
10739 5
10740 9
10753 10
10754 2
10758 5
10764 9
10773 9
10774 2
10778 10
10779 6
10780 8
10782 3
10788 8
10795 4
10816 4
10818 7
10837 0
10838 9
10840 1
10860 5
10863 6
10880 1
10883 8
10888 3
10897 3
10900 8
10903 7
10922 9
10923 7
10927 6
10928 4
10930 7
10943 10
10947 2
10953 7
10958 7
10962 0
10964 7
10964 1
10972 3
10982 1
10987 9
10989 3
10998 3
11021 9
11033 1
11046 5
11052 1
11054 5
11056 7
11060 7
11062 5
11065 6
11076 2
11081 5
11091 3
11105 3
11123 2
11125 3
11134 5
11135 5
11145 4
11151 6
11187 7
11189 5
11193 8
11214 10
11221 8
11222 2
11223 4
11225 5
11226 10
11232 1
11234 9
11241 8
11247 0
11260 8
11262 8
11272 2
11296 9
11297 5
11302 2
11305 3
11321 9
11328 7
11330 4
11333 6
11335 4
11336 4
11341 10
11353 3
11358 7
11373 3
11382 3
11384 5
11391 10
11394 4
11404 6
11407 1
11409 1
11413 9
11424 3
11425 2
11439 10
11448 9
11520 9
11527 3
11534 10
11536 2
11541 7
11553 6
11562 6
11563 5
11564 2
11570 6
11577 9
11582 8
11592 10
11595 1
11599 5
11603 8
11622 6
11643 3
11648 6
11657 0
11659 8
11660 7
11664 5
11670 9
11693 10
11700 10
11710 2
11714 2
11736 1
11752 8
11772 8
11779 1
11788 10
11793 9
11794 3
11799 3
11803 2
11803 8
11807 5
11808 9
11812 4
11813 2
11820 3
11822 6
11826 0
11829 6
11830 2
11840 4
11841 7
11845 7
11864 3
11874 6
11879 4
11884 8
11916 2
11923 10
11924 1
11945 3
11951 2
11960 6
11985 5
11986 4
11999 6
12000 8
12018 10
12032 8
12037 6
12059 7
12073 0
12095 5
12132 9
12141 3
12142 7
12149 4
12150 9
12153 1
12173 6
12179 10
12190 2
12196 4
12197 3
12204 10
12215 1
12217 6
12233 3
12239 8
12244 1
12250 7
12273 5
12275 0
12308 7
12318 10
12318 5
12319 2
12321 4
12342 6
12344 6
12348 4
12364 5
12365 8
12370 0
12387 3
12393 1
12406 5
12412 2
12414 9
12416 0
12439 8
12440 5
12459 5
12461 4
12463 6
12480 2
12496 4
12498 5
12504 10
12511 3
12513 0
12514 1
12515 3
12519 9
12519 5
12523 8
12534 8
12552 4
12559 1
12559 2
12562 2
12573 1
12575 9
12601 2
12615 2
12634 5
12636 8
12658 7
12658 0
12660 2
12671 5
12685 7
12698 3
12699 1
12700 1
12708 2
12713 5
12716 8
12730 5
12730 0
12732 1
12738 3
12738 10
12745 8
12746 7
12755 6
12767 9
12770 3
12775 5
12776 1
12780 7
12781 9
12788 4
12797 2
12817 8
12833 9
12842 5
12855 3
12860 7
12862 10
12864 5
12878 9
12885 9
12887 5
12892 10
12893 0
12907 10
12920 0
12942 3
12943 1
12944 2
12956 5
12969 6
12971 7
12971 9
12975 9
12988 1
12994 6
13002 2
13008 3
13011 2
13020 2
13022 5
13030 10
13034 4
13044 3
13074 8
13079 3
13079 10
13085 1
13086 3
13087 4
13092 7
13106 2
13111 3
13117 10
13120 1
13120 3
13124 10
13125 4
13133 10
13147 0
13148 9
13148 10
13150 2
13171 3
13176 9
13181 8
13189 2
13202 8
13203 0
13204 4
13210 10
13218 6
13219 8
13237 8
13239 7
13271 7
13290 8
13296 6
13302 2
13316 1
13319 8
13321 9
13334 5
13345 5
13350 1
13350 3
13354 4
13362 0
13381 8
13385 3
13388 5
13390 5
13405 0
13411 7
13412 1
13443 0
13454 0
13470 10
13495 0
13519 0
13540 7
13549 0
13567 6
13570 2
13571 7
13578 5
13597 0
13597 2
13602 6
13610 3
13616 1
13616 10
13628 4
13630 7
13632 8
13647 5
13650 0
13651 0
13659 6
13670 7
13676 1
13676 2
13678 2
13692 4
13699 6
13701 4
13718 1
13730 2
13737 3
13747 9
13748 3
13750 1
13752 0
13754 4
13755 1
13809 8
13813 7
13829 9
13833 9
13843 3
13861 1
13865 9
13872 7
13885 10
13900 3
13910 0
13912 6
13931 1
13934 4
13937 6
13941 3
13950 7
13963 5
13965 4
13969 3
13980 4
13981 6
14002 3
14003 5
14004 10
14025 0
14036 2
14048 4
14049 0
14053 9
14055 0
14073 5
14088 5
14094 4
14103 2
14112 3
14117 3
14128 10
14130 4
14135 10
14136 0
14161 8
14164 1
14193 0
14196 6
14203 5
14206 10
14207 3
14229 6
14231 6
14239 9
14242 1
14243 4
14254 3
14258 7
14260 4
14273 7
14276 8
14294 10
14297 0
14301 2
14307 3
14325 9
14338 1
14349 10
14357 7
14370 7
14370 10
14371 2
14390 9
14392 6
14401 2
14418 1
14427 4
14431 6
14437 2
14444 10
14444 5
14454 3
14460 3
14469 3
14478 8
14487 4
14489 10
14493 3
14495 9
14509 10
14521 0
14536 6
14536 7
14537 9
14538 10
14544 4
14547 7
14556 6
14567 5
14572 5
14575 8
14579 1
14589 0
14592 8
14595 6
14600 1
14609 7
14639 1
14644 0
14644 8
14646 10
14648 1
14676 2
14682 1
14688 10
14696 10
14708 1
14722 6
14735 2
14738 4
14745 6
14764 3
14778 9
14781 5
14786 5
14789 10
14790 10
14792 7
14793 7
14797 3
14799 5
14804 8
14812 4
14830 2
14832 5
14839 4
14842 9
14863 3
14882 1
14895 9
14899 6
14903 0
14921 8
14925 3
14926 7
14939 5
14942 6
14946 0
14949 1
14953 6
14954 2
14955 5
14956 6
14970 8
14983 9
14995 1
15010 6
15013 5
15022 4
15024 5
15027 3
15029 2
15032 7
15034 10
15043 9
15060 8
15060 7
15062 5
15068 3
15069 1
15108 1
15123 5
15123 10
15125 2
15125 0
15139 4
15140 5
15150 3
15161 5
15163 3
15170 5
15195 6
15198 0
15207 1
15208 10
15230 2
15230 6
15234 8
15239 1
15241 8
15250 3
15258 1
15260 9
15264 8
15267 3
15282 9
15283 5
15286 1
15288 2
15293 0
15295 8
15296 8
15298 4
15316 4
15321 9
15323 10
15342 8
15357 7
15388 3
15394 3
15395 9
15407 3
15425 7
15428 10
15431 6
15434 10
15437 1
15439 5
15439 4
15440 10
15441 3
15447 0
15459 10
15471 10
15491 8
15493 6
15495 4
15506 5
15506 8
15512 4
15516 10
15528 3
15543 10
15552 9
15553 2
15567 6
15567 10
15574 9
15582 5
15587 4
15589 4
15597 1
15599 5
15605 10
15621 0
15639 7
15658 2
15680 10
15686 0
15693 2
15699 1
15705 5
15721 0
15737 5
15749 10
15751 4
15755 5
15767 10
15773 5
15808 6
15809 8
15814 8
15814 1
15817 8
15831 8
15833 10
15837 3
15841 5
15847 0
15852 3
15868 3
15874 6
15890 9
15892 5
15925 0
15934 1
15943 5
15959 2
15988 3
15989 7
15989 0
15991 8
15993 9
16002 3
16008 6
16009 4
16015 5
16016 10
16023 8
16031 4
16032 2
16037 8
16051 7
16073 10
16076 2
16090 5
16091 8
16098 2
16101 7
16117 3
16117 9
16122 10
16124 7
16125 5
16144 7
16144 1
16170 3
16180 7
16184 0
16194 3
16214 10
16215 8
16217 5
16226 7
16226 2
16242 3
16256 6
16271 4
16291 8
16298 0
16300 4
16319 7
16338 2
16356 0
16367 2
16369 0
16382 0
16392 8
16392 5
16407 1
16451 2
16455 8
16459 8
16464 4
16467 8
16474 2
16474 1
16499 4
16509 4
16521 10
16528 2
16547 5
16551 6
16552 2
16597 2
16598 5
16618 1
16625 10
16627 7
16628 9
16633 6
16634 10
16658 7
16659 7
16671 1
16674 10
16685 8
16685 0
16689 10
16689 1
16695 5
16695 1
16702 10
16709 5
16712 5
16714 2
16724 6
16729 8
16730 3
16732 9
16733 7
16736 2
16743 9
16747 0
16752 6
16762 6
16763 7
16771 5
16787 5
16789 2
16793 10
16796 0
16802 0
16810 10
16816 7
16819 3
16828 2
16845 0
16858 2
16868 1
16870 5
16872 4
16873 0
16898 1
16907 8
16910 8
16918 3
16918 5
16936 7
16949 10
16950 9
16955 1
16955 4
16955 5
16963 6
16969 2
16974 3
16976 7
16979 7
17015 5
17017 10
17026 7
17032 2
17053 6
17056 3
17064 2
17065 0
17077 8
17081 10
17098 8
17100 10
17104 4
17106 2
17131 9
17137 2
17149 9
17162 3
17174 4
17175 5
17189 3
17195 6
17196 6
17200 7
17201 3
17206 5
17208 1
17208 6
17221 1
17226 9
17226 1
17242 2
17244 6
17250 9
17255 10
17278 9
17279 5
17293 10
17294 2
17300 6
17302 6
17317 2
17320 3
17324 3
17332 6
17338 8
17346 0
17355 3
17359 7
17363 8
17371 5
17394 0
17408 7
17412 6
17417 5
17424 6
17427 9
17429 8
17430 2
17434 6
17447 2
17448 5
17450 0
17462 8
17464 7
17472 4
17476 3
17519 7
17531 5
17537 8
17542 8
17548 0
17563 8
17567 2
17568 10
17570 10
17599 5
17603 8
17606 3
17614 2
17614 9
17615 3
17617 6
17624 6
17631 6
17636 3
17636 4
17638 8
17668 4
17677 1
17694 3
17696 0
17696 6
17707 4
17709 7
17728 4
17734 3
17738 1
17741 8
17755 10
17759 7
17762 9
17764 7
17799 1
17801 4
17829 0
17831 10
17835 0
17838 3
17839 10
17841 6
17847 10
17847 7
17847 2
17853 3
17853 8
17858 6
17859 9
17860 0
17864 10
17866 8
17866 2
17869 2
17873 8
17884 2
17888 6
17899 9
17902 9
17908 10
17914 0
17924 7
17972 3
17974 0
17997 8
17999 3
18000 4
18004 0
18004 6
18035 9
18045 1
18054 8
18058 0
18073 10
18073 6
18075 3
18092 2
18119 3
18128 10
18133 9
18169 9
18171 9
18173 10
18180 10
18189 4
18192 10
18192 3
18203 8
18212 2
18212 0
18213 7
18220 8
18233 10
18252 8
18259 3
18271 3
18277 1
18278 10
18282 7
18289 7
18289 3
18292 0
18293 9
18298 3
18301 10
18324 10
18324 0
18327 0
18332 6
18374 5
18375 7
18377 0
18386 4
18389 7
18404 6
18415 1
18417 2
18419 3
18425 3
18435 10
18442 8
18475 7
18477 5
18487 4
18494 5
18504 10
18508 4
18511 5
18518 10
18521 10
18522 3
18529 9
18531 9
18532 0
18532 1
18538 0
18561 2
18578 2
18582 5
18585 2
18589 5
18593 9
18596 0
18615 5
18624 1
18635 8
18636 2
18647 1
18650 4
18654 7
18658 10
18665 10
18668 0
18669 8
18679 6
18694 3
18698 7
18703 5
18720 1
18730 4
18740 7
18743 5
18758 5
18775 9
18777 6
18785 8
18789 10
18790 8
18807 3
18815 2
18832 2
18836 1
18837 4
18845 2
18857 8
18866 3
18876 7
18881 4
18881 9
18907 1
18920 3
18928 1
18935 3
18939 2
18940 6
18942 7
18945 3
18959 3
18962 0
18963 5
18969 4
18977 7
18983 6
18992 4
18998 1
19012 7
19021 0
19023 10
19024 8
19038 8
19046 5
19050 4
19051 1
19066 7
19078 4
19080 0
19092 10
19105 9
19110 8
19142 10
19167 10
19194 6
19196 6
19197 2
19201 0
19236 5
19245 1
19264 5
19266 10
19274 8
19301 5
19301 6
19302 9
19316 1
19319 0
19331 1
19336 1
19338 2
19344 0
19356 10
19358 5
19360 0
19376 0
19383 2
19393 2
19395 10
19397 9
19397 2
19410 1
19413 9
19416 0
19429 7
19430 5
19445 9
19496 3
19513 1
19516 1
19570 3
19577 5
19606 7
19630 9
19630 0
19649 5
19650 0
19655 9
19664 6
19669 1
19671 1
19676 10
19694 2
19694 3
19715 1
19720 7
19724 0
19730 6
19741 1
19746 1
19756 4
19788 3
19815 6
19819 1
19829 2
19833 0
19833 2
19841 2
19843 2
19850 8
19854 9
19856 7
19861 1
19865 1
19871 3
19881 10
19898 10
19898 7
19902 10
19907 4
19916 2
19922 5
19926 8
19949 8
19951 8
19953 10
19954 2
19957 3
19963 3
19964 8
19971 2
19982 9
19989 8
19994 4
20000 7
20003 8
20009 0
20011 5
20012 7
20020 0
20021 10
20030 3
20100 3
20113 2
20132 10
20134 4
20135 7
20146 9
20146 3
20147 3
20159 9
20159 2
20173 1
20178 5
20180 0
20190 1
20197 0
20203 4
20209 7
20218 2
20223 5
20224 0
20256 8
20259 10
20262 6
20265 8
20266 3
20266 2
20267 8
20282 6
20287 7
20290 0
20292 7
20298 5
20303 5
20311 0
20314 4
20318 6
20319 10
20335 10
20341 8
20355 10
20367 1
20369 5
20382 4
20390 9
20408 2
20415 1
20435 4
20449 8
20459 10
20468 2
20469 2
20487 2
20504 4
20508 9
20523 9
20523 7
20568 1
20581 4
20586 7
20596 0
20598 5
20603 7
20605 9
20605 0
20612 2
20619 8
20635 3
20644 8
20654 3
20660 9
20666 0
20669 5
20671 10
20673 7
20675 9
20685 6
20687 8
20695 5
20700 2
20705 5
20707 0
20712 9
20721 3
20735 2
20744 2
20761 8
20772 8
20774 0
20778 3
20796 10
20797 9
20805 10
20811 0
20815 8
20822 4
20862 8
20868 6
20878 1
20879 9
20888 2
20894 0
20897 7
20912 3
20947 8
20976 7
20988 8
20991 6
20994 1
21007 8
21011 5
21011 9
21017 0
21019 1
21020 8
21025 3
21054 6
21059 0
21075 8
21078 8
21080 9
21081 9
21095 7
21106 9
21111 1
21117 9
21140 1
21141 7
21142 1
21144 4
21150 9
21155 8
21164 0
21181 7
21197 9
21199 8
21203 10
21207 3
21208 7
21219 4
21230 3
21236 10
21250 3
21281 4
21290 4
21294 2
21296 7
21303 6
21310 2
21327 6
21338 7
21339 7
21362 3
21372 4
21386 9
21390 7
21390 9
21407 9
21411 1
21413 2
21425 1
21435 2
21444 4
21448 3
21454 0
21459 5
21464 4
21480 7
21483 6
21484 4
21487 10
21504 1
21519 6
21520 9
21520 7
21523 1
21526 3
21528 5
21536 10
21554 0
21562 5
21566 7
21567 10
21586 9
21590 10
21594 4
21595 0
21596 10
21599 10
21600 8
21608 0
21620 9
21623 1
21629 5
21631 8
21632 6
21636 5
21640 1
21648 10
21650 7
21661 5
21666 1
21667 5
21667 8
21673 7
21697 8
21700 7
21704 6
21709 7
21717 6
21720 10
21726 3
21728 2
21731 3
21744 10
21754 1
21759 2
21763 8
21765 7
21769 4
21771 5
21776 7
21789 9
21804 3
21809 0
21832 10
21839 0
21843 2
21846 4
21853 6
21877 5
21884 10
21886 9
21898 4
21899 4
21909 2
21926 7
21946 7
21949 1
21950 7
21966 7
21968 5
21975 4
21976 5
21983 4
21989 1
22029 7
22051 6
22054 4
22055 7
22082 1
22102 6
22113 6
22117 7
22139 3
22144 4
22148 5
22162 9
22193 4
22196 5
22201 0
22214 7
22222 1
22235 4
22235 2
22239 5
22241 4
22248 10
22261 5
22277 10
22305 1
22361 7
22381 9
22396 0
22407 3
22413 1
22413 7
22416 7
22423 6
22429 1
22462 9
22466 4
22487 1
22498 10
22502 7
22510 10
22513 2
22514 10
22518 6
22529 8
22549 0
22556 6
22565 3
22571 0
22577 8
22579 2
22582 7
22595 10
22601 3
22604 4
22609 0
22617 3
22628 8
22628 5
22631 2
22649 10
22661 8
22676 2
22703 1
22711 3
22745 10
22752 7
22755 2
22759 6
22766 10
22776 5
22777 5
22798 6
22800 7
22808 5
22831 4
22833 9
22834 3
22836 10
22841 9
22844 9
22847 6
22850 7
22858 9
22864 8
22874 7
22877 4
22883 1
22892 0
22904 6
22911 5
22911 8
22938 6
22941 5
22942 6
22943 7
22950 6
22952 0
22954 1
22955 8
22964 1
22973 7
22977 1
22980 7
23001 2
23013 10
23027 10
23034 5
23036 5
23037 4
23039 3
23043 7
23043 9
23050 1
23052 8
23053 9
23055 10
23056 1
23058 4
23062 2
23069 8
23069 6
23086 9
23090 9
23107 10
23111 1
23117 3
23130 3
23131 10
23137 8
23172 4
23182 1
23194 5
23199 4
23206 5
23214 6
23225 5
23247 4
23274 1
23276 4
23278 3
23285 2
23295 2
23308 8
23313 7
23321 3
23339 1
23340 4
23345 3
23354 0
23357 3
23366 4
23368 0
23389 1
23391 0
23391 2
23395 9
23395 5
23396 0
23397 8
23406 5
23423 7
23429 6
23430 1
23438 10
23440 1
23450 2
23465 10
23508 10
23512 9
23546 0
23560 5
23568 0
23573 1
23576 0
23585 7
23598 7
23599 4
23601 10
23614 9
23618 1
23629 4
23642 4
23664 4
23665 8
23667 6
23688 8
23692 0
23697 7
23705 2
23712 5
23723 2
23725 5
23726 9
23739 6
23742 8
23756 4
23756 3
23765 9
23769 0
23815 8
23825 4
23831 6
23832 1
23840 8
23840 3
23841 2
23850 8
23860 9
23863 4
23867 9
23868 7
23874 4
23879 7
23880 10
23893 0
23900 3
23908 8
23928 9
23958 9
23976 4
23978 6
23984 10
23985 10
23987 2
23993 6
23995 10
24007 6
24008 5
24012 6
24039 3
24048 7
24051 4
24052 2
24054 1
24063 2
24067 5
24070 2
24070 8
24074 4
24075 2
24081 5
24082 0
24090 4
24106 1
24119 4
24126 7
24130 2
24147 2
24150 5
24155 2
24157 3
24163 10
24168 4
24169 2
24181 0
24182 6
24186 6
24189 2
24191 4
24194 6
24194 5
24198 3
24202 2
24214 0
24214 10
24230 4
24238 6
24241 0
24244 9
24256 9
24274 5
24278 10
24283 5
24284 1
24285 9
24288 10
24292 3
24316 3
24321 4
24322 10
24325 1
24330 4
24374 2
24377 7
24381 2
24388 1
24409 0
24411 6
24424 9
24434 0
24439 10
24446 5
24449 10
24450 7
24453 7
24456 6
24457 10
24466 2
24478 9
24485 7
24491 9
24494 7
24521 10
24527 2
24535 3
24541 8
24542 4
24547 6
24553 5
24563 3
24566 8
24568 4
24570 8
24572 4
24583 4
24584 5
24594 5
24597 5
24598 8
24601 4
24604 2
24609 9
24612 3
24620 4
24622 7
24630 8
24643 5
24643 1
24644 10
24646 4
24647 2
24647 8
24652 7
24665 2
24682 0
24686 2
24694 4
24702 1
24706 10
24740 4
24746 7
24755 6
24765 4
24766 3
24775 3
24776 4
24806 0
24810 8
24810 0
24813 7
24818 1
24820 1
24829 1
24835 5
24854 3
24861 7
24871 8
24876 2
24901 3
24905 5
24906 2
24930 2
24934 10
24934 0
24937 7
24949 2
24958 4
24959 0
24963 8
24969 3
24996 10
25005 4
25011 1
25027 2
25034 4
25047 1
25057 8
25058 8
25066 7
25075 7
25090 4
25092 9
25102 9
25113 3
25127 9
25128 1
25131 6
25145 3
25146 10
25159 0
25197 4
25198 2
25216 6
25217 1
25269 10
25272 3
25296 1
25296 5
25313 6
25317 8
25332 4
25337 0
25355 3
25365 7
25368 4
25368 2
25373 3
25401 8
25424 2
25431 2
25435 2
25452 4
25458 9
25459 4
25468 1
25477 1
25488 4
25503 0
25510 7
25517 4
25532 10
25553 5
25561 1
25581 5
25582 3
25590 10
25594 6
25607 3
25617 4
25620 7
25623 7
25624 8
25633 10
25635 2
25638 10
25656 2
25667 4
25693 3
25695 1
25699 6
25712 9
25714 9
25720 0
25765 9
25769 5
25785 9
25794 3
25795 7
25801 9
25811 6
25813 3
25822 1
25829 1
25830 3
25832 3
25853 5
25860 5
25863 5
25872 8
25874 1
25875 1
25879 5
25893 9
25894 1
25902 2
25906 7
25915 5
25916 3
25951 2
25960 1
25960 4
25961 4
25996 6
26002 9
26023 9
26028 8
26037 6
26051 5
26064 9
26078 4
26080 2
26140 5
26143 7
26146 10
26147 7
26157 0
26213 9
26221 9
26233 4
26247 2
26248 5
26249 6
26253 0
26258 0
26260 5
26293 0
26293 2
26294 3
26295 2
26296 4
26299 8
26302 7
26322 0
26329 9
26335 5
26335 2
26346 6
26367 3
26373 5
26380 10
26388 5
26397 4
26408 10
26412 1
26417 0
26423 6
26425 7
26425 1
26426 1
26454 3
26459 1
26461 10
26474 7
26488 0
26489 0
26491 10
26492 5
26493 8
26510 5
26510 6
26523 7
26527 5
26545 9
26546 4
26553 3
26556 6
26557 8
26580 3
26588 9
26592 6
26599 0
26609 0
26611 10
26634 3
26636 1
26641 7
26659 1
26661 9
26668 10
26670 2
26671 6
26675 5
26683 9
26691 9
26693 7
26704 1
26712 5
26717 6
26723 9
26723 1
26726 2
26739 1
26760 4
26762 6
26763 8
26767 7
26770 4
26778 1
26785 1
26799 2
26808 0
26810 6
26812 8
26813 10
26816 8
26825 2
26840 4
26855 9
26866 1
26907 6
26911 7
26914 2
26917 1
26926 3
26936 5
26947 9
26949 0
26968 6
26971 2
26986 3
26986 8
26993 8
26994 4
27008 10
27015 4
27027 3
27051 4
27059 7
27068 3
27078 0
27080 2
27087 7
27090 5
27093 0
27100 0
27103 2
27118 3
27119 6
27122 1
27123 1
27144 10
27158 7
27164 6
27172 1
27180 5
27195 0
27210 1
27210 6
27211 5
27237 6
27246 7
27270 5
27273 0
27278 0
27292 3
27293 2
27296 9
27312 3
27314 10
27318 4
27322 5
27332 9
27336 4
27336 5
27366 4
27392 0
27401 4
27411 5
27424 2
27426 6
27437 10
27440 3
27441 9
27447 6
27448 5
27450 2
27452 10
27461 7
27464 1
27465 5
27472 0
27505 7
27534 10
27536 2
27538 6
27552 6
27572 7
27591 1
27606 0
27622 2
27626 0
27630 2
27634 9
27637 8
27643 8
27648 5
27661 1
27664 9
27666 4
27669 2
27670 1
27677 5
27681 7
27695 2
27696 2
27699 1
27707 2
27717 1
27735 2
27746 1
27746 10
27749 2
27750 8
27751 3
27754 0
27754 5
27776 4
27778 8
27790 5
27799 4
27811 8
27840 0
27841 1
27843 2
27849 2
27850 9
27862 5
27870 1
27871 2
27883 1
27888 10
27894 9
27902 7
27912 7
27926 5
27926 3
27938 7
27947 10
27965 9
27967 3
27976 0
27978 4
27978 10
27993 2
27994 5
27996 0
28002 0
28011 5
28018 3
28028 6
28028 1
28030 2
28053 4
28055 0
28076 9
28077 10
28079 8
28095 2
28107 0
28128 8
28146 7
28157 6
28165 10
28170 5
28194 9
28195 4
28197 4
28211 4
28216 9
28219 4
28233 6
28236 1
28260 5
28263 2
28267 2
28278 3
28298 7
28301 10
28304 7
28321 4
28337 10
28341 1
28377 0
28386 5
28403 10
28405 5
28408 8
28412 6
28429 1
28444 10
28447 1
28489 2
28500 4
28512 1
28533 6
28540 0
28540 3
28547 1
28554 10
28565 1
28567 3
28581 9
28584 2
28599 1
28600 8
28639 5
28640 1
28642 9
28645 8
28647 8
28648 1
28650 7
28652 10
28689 2
28694 1
28694 9
28699 7
28721 7
28721 2
28722 3
28743 9
28759 2
28768 7
28778 6
28780 3
28781 6
28785 4
28786 1
28793 4
28797 8
28812 0
28815 1
28818 9
28821 8
28845 4
28846 8
28851 8
28858 5
28858 0
28863 2
28872 7
28876 4
28878 2
28885 10
28896 5
28897 0
28897 3
28903 0
28909 8
28910 6
28911 2
28913 9
28916 2
28919 5
28921 6
28921 10
28930 0
28931 2
28947 3
28966 8
28988 3
28996 2
29003 3
29008 0
29014 7
29043 10
29055 2
29063 7
29077 8
29077 9
29087 6
29089 4
29098 0
29107 4
29119 6
29128 8
29146 6
29147 4
29148 8
29148 2
29156 0
29158 6
29159 2
29159 7
29169 4
29181 3
29187 10
29197 5
29198 4
29200 4
29213 9
29213 6
29214 5
29218 4
29230 8
29244 9
29249 1
29252 8
29277 6
29278 1
29290 7
29308 9
29312 9
29327 3
29328 5
29335 2
29352 5
29361 10
29364 1
29365 9
29372 2
29378 4
29378 10
29380 10
29394 10
29395 1
29397 8
29401 5
29404 2
29407 10
29414 2
29420 9
29428 8
29428 9
29432 9
29439 4
29441 7
29451 6
29459 6
29462 7
29479 7
29480 3
29482 10
29483 9
29491 8
29524 0
29532 1
29533 4
29540 1
29540 3
29542 4
29550 2
29568 1
29582 6
29587 6
29592 4
29599 10
29607 9
29619 10
29622 8
29626 0
29632 1
29633 0
29643 2
29658 0
29664 0
29672 7
29673 10
29682 5
29693 2
29697 8
29698 5
29703 10
29705 2
29707 1
29712 9
29716 7
29719 4
29722 9
29734 8
29737 4
29737 3
29741 10
29753 6
29755 7
29759 2
29766 2
29783 1
29785 2
29786 4
29787 1
29792 7
29810 10
29811 9
29833 6
29837 6
29847 2
29854 5
29877 2
29879 4
29887 2
29894 8
29896 8
29907 7
29909 5
29915 8
29919 6
29948 6
29950 7
29951 5
29964 3
29970 0
29984 9
29989 7
29995 2
29999 5
30008 1
30016 2
30017 8
30035 2
30067 7
30072 2
30079 0
30080 8
30080 4
30081 10
30085 4
30088 3
30104 5
30105 0
30106 1
30114 3
30133 6
30137 1
30142 9
30150 2
30163 5
30163 3
30178 3
30180 8
30194 5
30198 3
30209 3
30210 4
30213 3
30218 10
30224 0
30224 9
30243 5
30252 0
30255 1
30269 4
30269 10
30276 7
30285 8
30286 10
30295 10
30306 3
30318 5
30320 9
30325 8
30329 4
30330 9
30332 1
30344 7
30358 8
30373 9
30385 0
30386 4
30396 0
30396 8
30401 1
30424 2
30438 4
30446 9
30447 4
30453 10
30457 10
30479 9
30481 3
30504 6
30512 3
30532 10
30543 4
30546 0
30551 4
30578 1
30587 7
30589 9
30590 4
30602 8
30605 10
30605 5
30611 6
30614 2
30616 8
30622 4
30635 0
30657 8
30659 8
30666 3
30710 7
30718 9
30739 2
30747 6
30757 9
30757 3
30762 8
30766 9
30773 0
30782 0
30790 2
30796 5
30810 2
30811 4
30812 4
30813 9
30815 1
30824 6
30846 0
30851 7
30859 6
30863 3
30864 4
30876 1
30894 4
30897 9
30903 7
30907 3
30915 7
30925 1
30932 7
30933 8
30936 7
30937 7
30953 6
30957 5
30967 7
30978 8
31003 1
31008 1
31014 3
31024 5
31030 0
31034 1
31048 10
31053 2
31056 10
31062 9
31083 8
31085 4
31092 7
31095 2
31096 4
31111 4
31121 7
31127 9
31134 9
31138 3
31168 8
31173 3
31177 10
31207 7
31207 1
31209 1
31214 10
31216 9
31217 3
31221 6
31223 3
31239 9
31241 1
31260 1
31264 6
31275 8
31289 1
31289 3
31292 3
31302 0
31304 6
31313 5
31335 6
31347 4
31355 4
31360 4
31369 0
31386 9
31386 7
31388 1
31389 2
31390 0
31393 7
31394 8
31423 4
31426 1
31436 9
31465 9
31465 8
31468 9
31469 0
31479 0
31497 6
31501 8
31505 5
31511 1
31513 3
31520 8
31529 5
31541 0
31546 1
31550 5
31556 10
31561 1
31593 8
31606 9
31619 5
31623 10
31643 0
31646 3
31648 2
31649 0
31684 3
31689 1
31696 5
31699 8
31704 7
31707 0
31709 9
31713 3
31717 0
31721 1
31722 10
31728 7
31729 10
31737 10
31742 8
31752 7
31764 10
31780 10
31782 3
31791 5
31800 1
31803 5
31820 9
31844 6
31850 10
31857 9
31858 3
31892 2
31896 1
31898 9
31906 9
31915 8
31916 4
31919 10
31926 1
31927 0
31930 8
31932 8
31940 7
31952 7
31955 10
31968 5
31970 3
32000 0
32004 10
32008 5
32012 5
32017 6
32032 3
32035 9
32055 1
32057 5
32061 4
32067 9
32068 2
32081 1
32088 6
32092 9
32097 5
32106 9
32114 1
32117 10
32119 10
32123 5
32126 3
32143 6
32159 2
32166 9
32173 9
32174 2
32176 5
32182 2
32193 9
32202 7
32203 9
32209 1
32214 8
32217 4
32229 8
32245 5
32247 4
32250 3
32256 4
32257 0
32257 5
32260 10
32261 8
32265 2
32268 1
32273 0
32274 10
32276 2
32303 4
32306 1
32312 7
32328 4
32344 0
32354 2
32356 3
32358 6
32373 10
32374 10
32375 2
32382 9
32394 2
32398 4
32412 9
32416 5
32420 9
32423 0
32432 3
32436 3
32438 5
32440 8
32450 2
32453 3
32455 3
32475 2
32481 0
32481 10
32481 5
32486 8
32491 5
32492 7
32500 9
32510 1
32511 8
32529 3
32540 2
32553 2
32563 8
32568 2
32578 5
32588 2
32590 4
32603 8
32605 5
32608 2
32613 1
32635 8
32638 9
32647 0
32654 3
32696 2
32697 6
32701 7
32722 5
32741 7
32745 5
32757 9
32759 1
32760 6
32762 5
32767 4
32779 5
32787 10
32791 4
32806 9
32809 6
32814 6
32833 2
32840 5
32841 5
32846 3
32846 4
32850 2
32855 0
32871 2
32877 0
32882 8
32913 2
32914 8
32925 0
32925 4
32926 0
32930 5
32947 4
32952 7
32960 2
32985 7
33002 7
33003 3
33005 9
33007 9
33011 8
33030 3
33068 2
33099 0
33125 4
33131 10
33132 5
33132 9
33133 10
33140 4
33142 6
33144 8
33146 2
33163 6
33165 3
33173 3
33180 5
33186 9
33196 2
33200 9
33218 6
33218 1
33246 6
33249 9
33259 10
33260 8
33264 1
33271 8
33271 2
33272 8
33280 6
33280 9
33291 4
33303 9
33307 8
33312 2
33332 6
33332 0
33337 8
33358 6
33371 4
33386 9
33393 7
33408 5
33413 2
33416 1
33442 2
33447 1
33450 4
33451 5
33475 3
33479 4
33483 5
33494 7
33496 10
33508 2
33519 8
33521 8
33521 3
33526 7
33539 10
33540 0
33546 3
33549 2
33562 5
33575 2
33581 6
33582 5
33584 3
33593 4
33594 10
33601 0
33604 1
33605 2
33613 4
33625 0
33635 5
33646 7
33648 6
33690 3
33703 2
33703 4
33706 4
33709 0
33720 6
33731 10
33732 3
33742 5
33757 10
33762 8
33769 10
33779 1
33783 1
33792 4
33804 8
33816 7
33834 6
33843 8
33847 7
33849 5
33850 7
33859 10
33860 7
33870 5
33873 7
33906 6
33912 2
33934 10
33937 7
33942 6
33958 10
33960 0
33983 10
33985 9
34001 5
34003 9
34004 5
34008 7
34018 3
34021 1
34039 7
34043 8
34052 5
34055 10
34075 3
34087 6
34101 1
34104 0
34111 2
34129 9
34134 9
34135 3
34139 5
34141 2
34144 3
34145 7
34154 2
34167 7
34177 4
34180 9
34182 2
34185 4
34186 4
34190 10
34191 6
34198 7
34210 3
34210 8
34235 0
34241 1
34254 3
34256 2
34262 0
34270 9
34272 6
34272 1
34275 7
34281 4
34283 5
34292 4
34301 10
34306 3
34316 6
34323 6
34339 6
34343 4
34362 6
34364 0
34370 2
34374 3
34396 1
34403 9
34432 6
34433 9
34439 5
34450 7
34461 0
34463 5
34465 5
34469 6
34470 0
34475 6
34475 7
34502 10
34530 1
34534 6
34539 7
34544 3
34557 6
34561 0
34576 10
34577 10
34579 10
34586 1
34605 10
34622 7
34632 0
34639 8
34656 0
34714 0
34731 5
34749 7
34753 3
34755 1
34755 5
34758 1
34765 5
34779 6
34785 5
34795 5
34807 7
34809 5
34844 1
34854 2
34859 6
34880 4
34882 5
34885 3
34888 6
34908 1
34921 1
34925 8
34925 4
34934 5
34934 6
34947 0
34950 1
34953 6
34976 8
34981 6
35000 9
35012 10
35022 3
35027 6
35028 2
35035 10
35036 10
35040 5
35052 6
35078 10
35083 5
35096 7
35099 5
35101 9
35129 0
35148 6
35154 1
35157 4
35169 10
35171 5
35187 9
35212 5
35214 10
35215 9
35225 10
35254 7
35266 5
35279 10
35279 0
35282 5
35290 7
35290 2
35299 8
35305 6
35309 8
35310 4
35334 1
35347 2
35348 8
35348 6
35352 0
35362 1
35366 10
35375 0
35386 4
35405 0
35412 4
35413 10
35424 8
35450 7
35453 8
35456 9
35462 4
35471 3
35476 2
35477 8
35478 3
35494 5
35496 3
35497 5
35504 2
35514 5
35521 10
35522 4
35524 9
35524 6
35527 4
35528 6
35543 6
35552 6
35560 9
35561 8
35568 8
35572 5
35575 10
35600 10
35628 0
35635 1
35636 1
35642 4
35672 4
35678 5
35681 6
35691 8
35693 3
35696 9
35697 7
35703 4
35716 3
35719 9
35721 1
35723 1
35745 1
35747 1
35750 7
35778 0
35800 3
35803 8
35804 10
35804 3
35808 9
35810 3
35813 2
35815 6
35857 0
35858 6
35864 4
35890 1
35899 9
35900 6
35901 9
35911 10
35913 2
35916 4
35963 9
35976 0
35994 5
35998 9
35999 5
35999 10
36003 1
36006 0
36018 10
36022 10
36025 9
36029 10
36030 2
36039 2
36061 0
36062 5
36075 10
36080 10
36086 3
36094 8
36101 8
36105 3
36122 0
36135 1
36139 1
36168 8
36177 3
36204 7
36208 10
36221 3
36227 7
36245 8
36245 1
36253 9
36276 4
36287 2
36287 0
36297 1
36299 9
36302 1
36304 9
36307 6
36313 3
36315 5
36319 8
36331 5
36347 6
36352 7
36353 6
36355 6
36356 5
36357 6
36358 7
36366 9
36373 8
36375 9
36386 4
36391 3
36392 7
36398 9
36410 9
36414 2
36417 10
36423 4
36423 6
36423 8
36449 9
36457 5
36472 7
36475 6
36482 7
36486 9
36498 8
36508 8
36510 7
36518 9
36518 7
36523 2
36557 1
36558 3
36569 1
36586 0
36604 2
36605 9
36612 6
36613 5
36647 2
36648 1
36661 1
36676 1
36681 4
36690 2
36694 8
36704 3
36709 4
36725 3
36736 1
36757 9
36763 10
36767 2
36770 0
36788 2
36789 4
36790 4
36817 2
36829 4
36863 9
36876 8
36878 10
36879 1
36894 7
36894 8
36901 3
36908 2
36910 8
36919 8
36924 1
36933 8
36946 2
36949 4
36950 8
36963 5
36977 9
36984 10
37012 6
37019 7
37019 6
37033 7
37038 7
37040 6
37049 1
37061 1
37063 6
37071 10
37078 2
37088 1
37091 1
37102 4
37106 4
37107 4
37115 2
37142 2
37143 9
37145 6
37152 4
37154 1
37161 2
37171 0
37178 0
37181 3
37200 5
37203 10
37209 1
37219 10
37222 10
37223 10
37225 0
37233 8
37244 10
37259 0
37273 2
37279 8
37285 1
37286 0
37293 7
37305 2
37309 4
37314 6
37318 3
37318 10
37324 2
37327 6
37336 10
37340 4
37351 3
37366 1
37366 2
37373 0
37388 8
37400 4
37400 8
37400 2
37402 1
37416 1
37419 9
37420 3
37427 10
37441 7
37448 5
37464 3
37508 8
37515 6
37535 2
37535 6
37548 1
37552 2
37553 0
37557 2
37563 4
37563 8
37582 6
37587 10
37593 8
37606 10
37615 6
37618 9
37619 6
37627 8
37632 7
37633 10
37651 6
37670 4
37676 1
37689 8
37691 8
37698 8
37709 4
37715 5
37719 1
37763 3
37763 6
37765 8
37766 5
37773 2
37778 1
37783 7
37804 2
37819 5
37834 4
37834 3
37886 4
37890 1
37893 8
37912 3
37913 10
37916 9
37918 10
37919 4
37929 4
37931 9
37948 2
37954 7
37956 9
37958 5
37973 2
37988 5
37990 7
38000 7
38005 2
38011 5
38019 6
38022 6
38068 0
38073 1
38086 7
38089 5
38092 6
38092 1
38101 10
38126 4
38135 1
38142 9
38151 10
38174 1
38179 5
38179 8
38182 0
38198 3
38208 8
38216 0
38222 10
38227 0
38235 8
38241 7
38244 7
38250 3
38255 4
38264 4
38268 1
38269 8
38270 6
38287 8
38289 5
38293 4
38310 7
38311 2
38355 10
38359 6
38360 7
38362 0
38366 5
38396 9
38397 2
38402 3
38402 8
38407 4
38413 2
38422 5
38433 10
38436 7
38465 1
38480 0
38483 8
38489 9
38509 6
38510 5
38513 3
38516 3
38530 1
38536 5
38540 3
38551 4
38561 3
38569 8
38583 5
38589 9
38592 3
38596 10
38606 1
38620 8
38621 9
38630 6
38630 1
38635 8
38644 8
38663 6
38667 1
38669 4
38674 1
38683 2
38698 1
38702 6
38711 10
38723 10
38732 10
38740 10
38759 8
38764 2
38773 3
38780 8
38797 0
38797 4
38806 1
38815 6
38833 4
38836 10
38856 7
38859 2
38867 0
38876 9
38885 5
38890 10
38891 8
38892 1
38896 10
38901 8
38902 4
38912 6
38914 2
38917 2
38923 6
38931 4
38946 5
38955 9
38967 4
38969 6
38977 7
38993 7
38998 8
39009 6
39013 10
39021 1
39025 10
39034 10
39034 8
39053 8
39056 7
39063 8
39070 9
39081 6
39082 0
39082 3
39100 2
39101 5
39106 1
39123 0
39142 5
39150 2
39150 8
39160 8
39164 10
39174 5
39188 2
39190 6
39209 3
39217 8
39219 3
39220 2
39240 3
39273 0
39279 2
39286 10
39298 8
39304 5
39304 4
39308 9
39315 5
39325 9
39339 5
39341 9
39367 10
39370 7
39387 7
39389 0
39414 10
39427 10
39442 2
39463 4
39484 0
39486 5
39497 9
39503 4
39507 1
39514 5
39514 10
39518 8
39524 9
39525 0
39531 1
39532 10
39534 10
39540 1
39546 9
39550 4
39557 7
39564 0
39565 1
39573 9
39575 10
39590 6
39596 4
39601 10
39618 3
39628 5
39631 8
39643 10
39657 8
39667 10
39680 2
39694 6
39695 9
39702 10
39712 2
39730 5
39732 4
39733 5
39749 3
39760 0
39771 8
39822 4
39823 8
39825 10
39830 5
39832 2
39862 9
39871 3
39881 0
39907 1
39907 7
39908 8
39917 0
39919 6
39923 9
39924 4
39938 9
39964 6
39968 8
39971 7
40004 9
40033 5
40034 2
40073 9
40075 9
40075 0
40084 10
40114 5
40128 8
40135 5
40141 1
40142 5
40151 6
40156 5
40159 1
40162 6
40193 3
40204 6
40209 0
40213 9
40223 8
40225 8
40231 4
40242 6
40263 2
40272 1
40272 9
40291 0
40292 7
40301 8
40303 2
40305 6
40307 1
40315 1
40329 2
40340 3
40356 2
40361 5
40363 5
40381 2
40397 7
40401 0
40407 0
40413 1
40424 7
40449 9
40484 5
40501 5
40517 2
40517 4
40534 6
40537 7
40548 2
40549 3
40550 1
40551 1
40552 1
40554 3
40563 4
40564 4
40565 9
40572 8
40579 2
40581 10
40582 8
40587 4
40590 3
40592 0
40595 0
40599 2
40601 0
40606 2
40609 8
40614 1
40632 7
40637 1
40644 5
40645 5
40655 6
40657 9
40665 1
40667 0
40668 4
40672 3
40693 2
40702 6
40713 8
40714 7
40724 1
40732 3
40737 1
40741 1
40771 3
40791 7
40794 10
40796 7
40804 9
40809 6
40819 1
40822 8
40826 6
40837 3
40842 10
40851 3
40856 4
40864 9
40867 8
40869 2
40871 8
40882 0
40897 7
40901 7
40906 5
40915 7
40915 10
40927 7
40949 4
40951 6
40958 0
40963 1
40971 0
40973 6
40980 4
40981 8
40988 6
40990 7
40995 2
40996 1
41000 7
41000 8
41012 9
41015 4
41025 4
41030 8
41032 3
41034 2
41036 5
41039 3
41057 0
41061 5
41063 5
41076 6
41080 7
41099 7
41101 9
41126 3
41129 6
41141 7
41144 7
41151 5
41153 10
41178 6
41180 2
41182 6
41188 4
41193 7
41205 3
41213 3
41226 4
41229 3
41232 10
41234 6
41237 6
41239 0
41253 0
41258 1
41271 0
41277 4
41296 0
41305 5
41306 4
41314 5
41321 7
41326 0
41326 5
41330 10
41332 1
41333 10
41345 7
41366 9
41375 10
41407 9
41418 10
41426 3
41429 1
41434 9
41436 5
41459 3
41468 9
41469 1
41471 0
41474 6
41488 9
41490 3
41498 4
41510 8
41513 10
41529 9
41531 7
41534 4
41534 7
41536 3
41540 4
41542 0
41542 5
41547 10
41559 10
41561 10
41564 1
41574 8
41589 1
41589 0
41598 1
41611 4
41615 4
41622 5
41641 8
41650 8
41656 2
41663 2
41668 5
41676 2
41691 0
41704 8
41718 3
41729 4
41730 1
41736 0
41736 6
41739 9
41739 0
41741 2
41745 7
41745 10
41789 3
41790 6
41809 3
41811 3
41847 3
41862 4
41863 7
41873 3
41887 6
41895 3
41897 0
41899 0
41906 4
41910 2
41912 2
41934 6
41936 5
41938 5
41940 0
41957 8
41987 7
41990 7
42000 1
42001 0
42006 8
42009 7
42011 5
42012 0
42015 2
42018 8
42026 4
42026 0
42039 6
42047 5
42079 6
42084 6
42088 9
42091 3
42095 7
42098 9
42103 5
42108 4
42128 3
42145 1
42156 9
42162 6
42163 10
42197 10
42197 0
42198 3
42232 1
42234 5
42236 6
42238 7
42248 6
42251 6
42257 10
42270 5
42286 5
42297 6
42298 10
42298 4
42301 2
42303 8
42309 0
42313 5
42317 1
42325 10
42342 1
42344 9
42349 6
42357 5
42367 8
42374 8
42382 3
42390 6
42401 10
42404 3
42405 10
42414 1
42415 7
42415 2
42430 7
42432 1
42443 10
42456 0
42457 10
42462 1
42463 1
42487 8
42512 1
42519 5
42527 9
42530 3
42532 3
42547 1
42553 1
42558 10
42573 6
42595 6
42601 6
42602 9
42608 4
42609 2
42615 5
42626 5
42627 6
42627 1
42651 5
42663 1
42671 10
42675 10
42677 3
42679 8
42680 4
42695 1
42702 10
42713 3
42714 3
42717 0
42717 9
42720 4
42728 9
42735 9
42747 6
42750 6
42760 7
42767 7
42774 3
42778 2
42779 4
42783 2
42810 1
42811 5
42815 0
42834 2
42841 5
42849 10
42851 6
42857 6
42861 10
42875 3
42877 7
42879 8
42884 4
42900 4
42912 0
42914 4
42933 5
42941 5
42948 4
42957 6
42970 8
42974 6
42984 4
42984 9
42986 2
42994 0
42998 1
43020 3
43027 8
43037 1
43049 10
43052 0
43057 6
43063 2
43067 2
43067 0
43074 7
43080 5
43082 9
43099 6
43123 4
43137 1
43149 8
43162 1
43167 8
43169 8
43174 5
43176 9
43195 1
43198 7
43201 2
43212 6
43223 2
43231 4
43236 0
43278 9
43293 3
43294 1
43301 6
43309 7
43327 8
43335 10
43342 3
43347 9
43355 0
43379 0
43390 6
43396 3
43397 3
43401 0
43408 5
43408 3
43415 5
43423 3
43424 7
43437 4
43443 6
43469 8
43493 6
43494 4
43498 6
43505 4
43512 7
43529 5
43540 7
43560 10
43573 4
43584 7
43599 8
43624 10
43627 9
43633 2
43635 5
43638 4
43643 10
43649 1
43651 5
43677 4
43693 10
43697 3
43709 0
43722 9
43725 10
43738 7
43758 10
43760 5
43761 6
43771 8
43784 5
43786 2
43793 0
43799 5
43802 8
43806 9
43818 0
43836 5
43869 2
43873 4
43876 6
43896 0
43915 7
43919 8
43920 8
43929 0
43939 5
43941 6
43945 6
43949 4
43972 9
43977 4
43980 0
43981 8
43982 6
43984 6
43997 4
44008 5
44010 0
44010 1
44017 4
44026 3
44028 1
44032 0
44042 0
44047 3
44048 2
44055 5
44055 7
44069 10
44079 4
44084 8
44095 3
44097 1
44109 7
44116 4
44125 9
44131 5
44141 4
44149 1
44153 1
44156 2
44164 5
44169 4
44174 7
44176 2
44183 6
44210 10
44221 0
44226 3
44228 3
44229 3
44241 0
44241 3
44251 3
44253 3
44261 8
44272 5
44275 7
44285 5
44291 7
44296 8
44305 10
44305 7
44309 1
44310 2
44315 6
44317 5
44320 7
44366 4
44371 1
44376 7
44389 3
44394 10
44423 0
44432 8
44436 1
44451 3
44480 10
44489 6
44508 6
44511 5
44513 9
44534 8
44537 6
44542 5
44549 5
44563 6
44567 8
44567 10
44573 7
44592 6
44604 6
44605 4
44606 4
44623 7
44624 1
44625 9
44646 0
44649 9
44650 6
44678 8
44682 10
44683 3
44687 1
44687 6
44695 9
44708 2
44716 3
44722 4
44733 6
44771 4
44773 6
44773 5
44774 6
44778 8
44780 9
44787 3
44792 3
44794 8
44801 0
44810 9
44816 3
44816 1
44820 2
44837 0
44846 5
44852 2
44852 10
44855 9
44866 10
44875 9
44888 7
44907 1
44907 7
44911 10
44923 1
44950 1
44988 9
44994 6
44996 5
45003 4
45020 4
45028 6
45039 6
45040 4
45052 5
45059 9
45061 6
45061 10
45062 9
45071 1
45072 5
45073 10
45082 2
45082 0
45085 4
45100 6
45151 3
45156 9
45164 7
45180 3
45191 9
45201 7
45205 2
45219 6
45247 0
45248 0
45251 9
45268 2
45270 7
45296 2
45299 1
45310 5
45312 4
45314 9
45317 10
45333 10
45349 2
45350 4
45368 8
45377 6
45388 4
45391 8
45400 6
45403 6
45403 0
45406 0
45407 4
45416 10
45419 4
45420 9
45424 5
45427 2
45436 2
45437 3
45448 4
45449 1
45451 2
45461 10
45471 10
45480 9
45481 8
45495 5
45502 4
45506 5
45520 6
45528 4
45548 1
45559 3
45561 6
45577 1
45577 10
45580 6
45581 1
45589 4
45595 6
45603 7
45604 9
45614 5
45617 8
45619 10
45632 4
45637 8
45640 3
45644 1
45650 1
45669 3
45673 1
45703 8
45713 0
45729 10
45733 1
45738 8
45741 5
45774 3
45776 5
45778 5
45780 2
45784 3
45792 7
45801 6
45808 0
45811 5
45815 2
45815 8
45816 9
45824 0
45829 5
45845 6
45852 2
45853 8
45854 7
45873 6
45895 1
45916 8
45920 6
45970 10
45973 5
45980 1
45985 4
45988 1
45998 4
46007 1
46008 10
46015 2
46020 3
46027 10
46045 1
46068 9
46076 8
46102 0
46110 3
46111 6
46119 8
46125 10
46153 0
46164 8
46166 4
46169 6
46172 9
46177 4
46180 1
46183 1
46206 1
46213 2
46215 10
46217 2
46222 5
46249 7
46270 7
46280 2
46289 7
46290 6
46305 2
46305 1
46312 7
46341 4
46341 7
46350 0
46352 1
46358 1
46375 3
46376 5
46398 5
46400 2
46400 1
46402 7
46408 8
46423 4
46438 0
46439 6
46439 7
46441 4
46442 8
46444 1
46447 2
46448 4
46476 4
46485 1
46500 9
46500 8
46503 1
46512 2
46515 3
46525 8
46527 0
46542 0
46543 8
46557 4
46557 10
46562 4
46565 9
46568 3
46569 3
46573 4
46579 4
46582 4
46583 9
46584 1
46587 4
46601 3
46623 9
46630 6
46642 9
46643 9
46667 7
46669 4
46674 6
46682 6
46687 10
46694 9
46699 4
46700 3
46718 1
46728 2
46737 6
46737 5
46745 2
46767 4
46772 5
46779 6
46783 10
46794 0
46806 6
46816 6
46836 2
46837 9
46838 2
46839 9
46843 1
46849 6
46859 2
46875 9
46894 3
46905 10
46908 9
46915 2
46928 1
46932 1
46934 0
46939 2
46940 9
46940 2
46950 6
46968 8
46977 8
46984 10
46989 9
46998 6
47003 4
47018 6
47027 0
47035 2
47040 7
47056 4
47058 1
47079 1
47086 9
47088 8
47107 6
47107 1
47108 4
47113 10
47114 10
47133 7
47156 3
47179 10
47185 5
47186 2
47187 0
47205 8
47208 7
47221 2
47230 7
47236 4
47250 4
47259 3
47271 9
47274 7
47277 3
47284 3
47306 2
47306 3
47312 4
47317 5
47320 5
47335 6
47363 5
47376 7
47376 2
47379 1
47394 3
47394 7
47397 10
47400 8
47419 6
47428 5
47429 2
47434 4
47438 10
47445 3
47446 0
47451 7
47458 1
47470 9
47474 7
47479 2
47480 9
47482 8
47500 4
47528 8
47537 10
47544 5
47553 8
47555 6
47561 8
47564 9
47566 10
47573 3
47581 3
47595 0
47600 2
47605 6
47613 8
47624 4
47627 8
47635 3
47640 10
47659 6
47662 3
47663 8
47669 2
47676 0
47679 1
47692 9
47694 6
47695 7
47706 0
47711 2
47719 9
47719 7
47725 2
47727 8
47737 6
47742 7
47744 10
47760 1
47768 9
47776 9
47791 7
47793 10
47799 0
47812 4
47820 8
47826 7
47828 8
47832 10
47838 1
47840 1
47843 4
47848 1
47858 10
47866 2
47874 9
47885 1
47885 8
47893 10
47907 9
47911 0
47914 2
47937 0
47942 4
47961 10
47969 4
47973 10
47991 4
47992 5
47992 3
48009 3
48019 1
48026 0
48032 2
48041 6
48043 1
48045 0
48062 1
48063 1
48077 4
48079 10
48106 3
48107 10
48109 2
48121 5
48134 8
48134 3
48154 5
48169 9
48185 1
48198 5
48201 4
48203 8
48221 6
48221 3
48247 6
48248 5
48254 2
48257 7
48280 0
48281 8
48283 5
48295 10
48300 8
48303 10
48312 2
48324 10
48356 2
48365 1
48377 0
48387 1
48391 3
48393 1
48394 2
48411 6
48413 7
48415 1
48420 0
48424 10
48434 9
48437 7
48446 6
48454 3
48466 6
48487 8
48491 10
48501 2
48504 6
48504 5
48508 5
48512 3
48558 2
48559 7
48562 1
48568 4
48577 5
48579 5
48580 10
48594 10
48611 1
48621 2
48626 3
48627 8
48632 9
48635 0
48642 9
48659 8
48662 3
48672 5
48678 5
48696 5
48700 3
48731 7
48748 9
48756 9
48764 4
48765 7
48773 6
48792 8
48799 1
48807 3
48816 10
48820 9
48828 2
48831 0
48839 9
48848 7
48850 3
48858 7
48861 9
48865 3
48870 9
48878 3
48886 4
48894 1
48909 10
48913 0
48927 9
48928 8
48936 0
48938 1
48943 6
48953 9
48960 0
48963 9
48974 8
48979 8
48995 9
48996 3
49004 4
49008 1
49017 10
49020 6
49023 2
49024 4
49036 1
49046 2
49048 4
49048 9
49057 7
49059 8
49063 1
49064 0
49068 2
49071 9
49082 2
49087 1
49101 8
49102 10
49104 6
49110 8
49114 8
49125 1
49131 9
49131 7
49134 10
49146 9
49159 0
49161 0
49168 2
49170 5
49174 5
49176 1
49188 1
49194 6
49198 4
49207 0
49208 0
49212 4
49212 10
49218 4
49227 2
49232 5
49237 9
49243 4
49249 1
49259 0
49274 4
49275 7
49299 5
49305 6
49306 5
49308 6
49312 1
49321 10
49333 5
49343 7
49345 4
49345 8
49349 1
49353 9
49376 4
49385 1
49392 9
49398 10
49404 1
49415 0
49418 2
49429 4
49437 10
49461 9
49466 6
49493 10
49496 8
49496 0
49498 9
49501 7
49507 5
49512 1
49522 8
49523 6
49525 8
49532 0
49541 2
49544 4
49545 0
49547 4
49548 7
49549 3
49570 10
49575 3
49580 3
49603 8
49629 2
49640 6
49642 6
49642 3
49645 10
49696 7
49718 2
49718 3
49726 7
49727 8
49727 6
49737 9
49739 8
49742 5
49773 10
49778 8
49785 2
49789 4
49796 10
49803 9
49811 8
49812 1
49816 7
49816 0
49828 10
49847 3
49854 8
49856 0
49880 2
49889 4
49891 0
49894 3
49896 0
49907 0
49920 6
49922 5
49942 0
49948 7
49952 4
49961 8
49962 9
49971 7
49976 5
49976 3
49983 5
50000 3
50008 5
50009 0
50013 4
50016 3
50030 3
50035 0
50040 7
50042 1
50050 7
50050 3
50051 7
50055 7
50056 4
50063 2
50066 6
50072 5
50075 5
50080 3
50093 1
50109 2
50123 5
50135 10
50139 10
50142 0
50144 8
50145 4
50194 3
50197 6
50203 3
50205 8
50210 3
50240 4
50242 7
50254 7
50282 4
50293 6
50304 4
50308 8
50326 9
50331 8
50357 0
50365 1
50369 2
50374 2
50382 5
50396 0
50397 9
50401 9
50408 4
50409 8
50416 6
50416 3
50431 2
50445 7
50450 6
50451 5
50451 3
50465 5
50473 5
50477 1
50478 4
50483 3
50496 4
50510 1
50523 4
50527 8
50546 7
50550 10
50559 1
50559 6
50601 1
50603 7
50612 9
50619 2
50622 8
50633 4
50649 9
50663 7
50665 4
50667 0
50668 8
50673 10
50684 8
50693 2
50693 8
50696 3
50698 9
50700 8
50704 1
50714 9
50721 4
50742 5
50753 0
50764 9
50782 0
50790 9
50802 3
50806 2
50820 5
50837 3
50840 6
50849 0
50860 2
50864 8
50869 3
50874 8
50895 10
50902 1
50914 1
50918 4
50927 4
50938 7
50940 5
50946 5
50968 4
51006 3
51019 1
51020 5
51022 6
51022 1
51023 10
51026 3
51049 10
51050 7
51056 1
51065 3
51088 8
51089 4
51093 9
51101 4
51103 3
51105 1
51118 7
51132 0
51142 1
51146 9
51167 4
51176 10
51177 6
51182 7
51184 9
51191 3
51196 10
51199 7
51201 9
51203 0
51208 6
51211 1
51215 6
51219 1
51222 2
51230 2
51232 4
51238 8
51244 8
51265 0
51268 0
51269 0
51273 0
51281 10
51292 6
51298 3
51313 7
51325 10
51344 6
51349 4
51378 3
51381 5
51394 7
51400 5
51401 6
51406 2
51409 10
51410 6
51411 6
51418 6
51427 8
51436 0
51437 3
51441 5
51457 7
51462 0
51495 9
51504 3
51508 2
51510 5
51527 9
51528 1
51528 4
51530 1
51531 4
51535 0
51544 2
51545 3
51578 7
51582 9
51593 2
51599 6
51599 8
51603 8
51605 3
51610 5
51617 6
51635 9
51644 8
51646 5
51647 2
51665 8
51669 6
51687 1
51691 1
51693 7
51694 9
51696 9
51727 0
51729 0
51729 5
51732 9
51735 5
51739 3
51744 7
51760 7
51783 10
51788 0
51795 1
51798 4
51803 4
51834 8
51836 6
51841 9
51847 2
51857 8
51880 5
51903 9
51910 8
51913 9
51923 8
51924 0
51928 8
51929 8
51936 4
51936 6
51940 3
51961 2
51974 1
52007 9
52020 10
52031 9
52034 0
52038 3
52050 0
52053 4
52060 4
52077 8
52084 3
52084 5
52085 4
52089 9
52089 5
52106 3
52114 4
52116 6
52140 9
52148 0
52151 0
52179 2
52183 6
52184 0
52203 10
52212 9
52224 6
52229 3
52235 9
52242 6
52246 5
52254 6
52254 7
52268 2
52289 9
52299 4
52305 1
52325 0
52338 10
52347 3
52347 8
52354 1
52365 7
52367 6
52386 2
52400 3
52401 4
52403 10
52408 2
52412 7
52417 1
52418 10
52437 2
52445 6
52455 5
52456 9
52460 8
52479 9
52487 0
52488 0
52491 2
52492 0
52505 6
52505 0
52513 5
52514 8
52520 7
52522 1
52534 9
52535 6
52561 9
52571 1
52596 1
52599 10
52610 4
52612 5
52621 7
52636 0
52648 2
52649 1
52661 8
52665 4
52670 2
52679 4
52693 0
52709 9
52732 10
52743 1
52753 6
52761 9
52762 2
52770 1
52786 6
52795 6
52804 9
52809 9
52812 3
52818 0
52821 1
52843 6
52847 6
52864 2
52864 1
52867 7
52876 0
52882 6
52883 10
52887 10
52888 5
52890 3
52923 1
52923 3
52946 0
52956 6
52962 1
52964 6
52972 9
52976 3
52985 4
52989 5
52993 6
53000 3
53010 6
53011 3
53023 0
53029 4
53032 1
53033 3
53033 5
53034 1
53054 9
53071 9
53075 2
53087 0
53091 10
53100 2
53104 3
53112 1
53129 4
53132 0
53142 5
53151 2
53158 8
53159 8
53162 7
53165 5
53170 10
53181 5
53181 0
53186 10
53188 0
53191 0
53191 5
53192 6
53193 8
53194 2
53206 7
53213 5
53220 10
53231 3
53259 4
53260 10
53262 10
53263 9
53263 3
53274 6
53278 1
53321 9
53325 7
53345 0
53348 10
53356 7
53375 1
53385 10
53391 1
53398 6
53401 8
53414 0
53446 3
53456 2
53464 7
53475 9
53491 2
53495 3
53514 6
53522 3
53523 4
53529 4
53535 5
53539 7
53540 9
53541 7
53568 0
53579 0
53584 6
53599 8
53603 6
53605 6
53620 1
53623 0
53630 7
53631 7
53638 8
53643 5
53653 6
53661 7
53665 4
53668 3
53668 1
53679 7
53711 4
53731 1
53738 9
53759 8
53763 2
53764 7
53774 7
53781 10
53785 6
53787 7
53802 9
53812 8
53813 0
53814 6
53816 7
53820 1
53822 9
53834 5
53842 0
53843 4
53845 4
53853 7
53855 4
53862 3
53868 4
53871 6
53872 2
53880 9
53888 5
53897 6
53919 4
53923 2
53933 7
53939 8
53939 9
53943 9
53949 7
53956 1
53963 1
53965 1
53970 7
53979 9
53999 0
54013 10
54024 9
54031 4
54051 2
54055 4
54074 4
54082 6
54101 5
54108 6
54111 1
54111 8
54128 4
54141 4
54142 2
54144 5
54145 2
54147 9
54154 10
54169 2
54173 10
54174 4
54181 7
54204 9
54211 5
54218 2
54220 9
54234 4
54244 2
54253 10
54263 10
54264 10
54264 2
54266 3
54280 10
54310 3
54310 8
54314 8
54318 7
54320 8
54326 7
54337 5
54342 9
54347 6
54364 1
54366 0
54372 0
54383 8
54385 9
54398 0
54406 2
54414 10
54447 9
54448 7
54449 8
54449 6
54454 1
54464 7
54469 0
54475 1
54483 8
54487 7
54488 5
54488 0
54490 3
54510 2
54511 2
54517 2
54520 5
54550 5
54566 10
54576 9
54580 5
54585 1
54588 10
54598 7
54607 8
54611 2
54626 6
54648 1
54653 2
54692 1
54698 0
54711 1
54717 5
54719 3
54734 7
54751 7
54759 5
54767 0
54778 2
54778 3
54790 6
54790 4
54794 0
54814 1
54817 10
54832 0
54839 6
54842 2
54854 3
54858 8
54860 2
54870 9
54873 2
54878 5
54890 10
54899 8
54899 4
54900 6
54912 10
54914 3
54917 7
54917 2
54934 5
54935 2
54942 10
54965 4
54977 3
54987 8
55002 7
55006 1
55006 2
55016 4
55025 3
55037 10
55044 1
55046 8
55061 9
55064 4
55075 6
55076 4
55081 4
55091 9
55092 4
55096 0
55118 1
55127 5
55128 0
55133 9
55135 10
55138 0
55139 6
55142 9
55153 3
55167 1
55168 6
55175 6
55183 3
55188 3
55201 4
55201 10
55208 0
55210 0
55222 1
55230 2
55237 0
55263 8
55267 2
55267 6
55288 2
55291 5
55306 10
55306 8
55341 6
55363 7
55369 4
55381 9
55385 8
55387 8
55396 3
55404 2
55411 5
55421 6
55430 9
55439 5
55446 1
55453 6
55455 10
55456 0
55469 4
55481 8
55521 2
55526 6
55530 5
55539 10
55544 0
55564 9
55565 10
55565 7
55571 8
55575 8
55582 10
55588 4
55597 1
55608 4
55616 5
55621 7
55645 4
55647 5
55652 1
55665 2
55680 10
55683 5
55686 3
55694 7
55695 5
55697 8
55704 2
55706 5
55707 5
55720 8
55726 3
55729 4
55729 9
55733 8
55736 1
55739 8
55742 9
55755 5
55760 9
55760 10
55763 3
55763 7
55764 9
55764 7
55767 1
55770 3
55777 10
55787 5
55796 5
55801 0
55822 2
55829 2
55831 8
55849 3
55854 2
55856 5
55868 7
55874 10
55881 7
55887 9
55889 5
55897 4
55897 5
55900 8
55911 4
55912 0
55921 1
55935 9
55943 1
55954 5
55997 10
56006 7
56007 3
56008 7
56008 10
56008 5
56011 0
56029 1
56032 10
56060 10
56063 10
56078 0
56084 3
56096 5
56100 4
56113 10
56113 0
56125 10
56126 8
56132 7
56136 7
56138 7
56144 9
56151 1
56162 6
56170 1
56174 2
56184 8
56184 0
56196 7
56210 4
56211 7
56231 7
56232 10
56243 3
56246 5
56248 9
56252 2
56259 10
56267 4
56270 7
56278 5
56281 3
56289 10
56292 8
56299 10
56304 2
56306 7
56307 6
56309 10
56320 7
56323 5
56338 5
56350 9
56380 2
56382 0
56393 1
56395 0
56397 1
56402 7
56408 2
56419 10
56422 3
56423 0
56435 9
56437 6
56441 6
56448 8
56453 6
56462 0
56473 5
56480 5
56480 10
56491 2
56493 8
56504 6
56506 3
56507 3
56525 5
56534 1
56540 0
56544 1
56546 0
56562 6
56563 10
56565 7
56569 9
56572 8
56579 3
56601 2
56608 10
56621 4
56631 7
56650 10
56667 5
56674 7
56702 1
56704 0
56709 7
56721 8
56726 0
56728 2
56735 2
56752 5
56761 10
56763 1
56768 0
56802 8
56810 0
56812 8
56813 8
56820 10
56836 0
56859 9
56880 1
56891 9
56895 9
56903 5
56910 4
56911 8
56914 3
56931 1
56933 6
56941 8
56943 6
56946 2
56955 4
56957 0
56958 8
56964 9
56965 5
56971 6
57010 9
57010 3
57024 5
57034 5
57040 7
57041 5
57049 6
57053 10
57089 4
57096 9
57112 1
57129 5
57129 10
57134 2
57139 2
57156 10
57164 8
57166 5
57169 9
57199 10
57199 5
57209 2
57226 3
57229 1
57245 10
57246 3
57268 2
57269 8
57278 8
57279 0
57280 9
57288 2
57297 3
57312 3
57315 3
57338 9
57342 0
57346 3
57348 2
57358 10
57371 7
57372 7
57376 7
57384 10
57386 10
57402 1
57432 10
57437 9
57438 6
57440 9
57441 1
57442 9
57451 7
57456 1
57459 6
57460 8
57461 10
57461 7
57465 3
57466 7
57499 2
57529 8
57532 3
57535 7
57553 4
57561 0
57589 9
57607 4
57641 9
57646 8
57651 3
57652 9
57655 4
57663 2
57664 5
57674 5
57677 10
57708 10
57709 6
57717 0
57720 10
57735 10
57735 5
57739 7
57746 1
57759 7
57760 9
57768 10
57777 1
57788 10
57797 7
57828 3
57835 4
57837 10
57845 5
57846 10
57853 1
57868 5
57869 8
57873 7
57876 5
57885 9
57888 1
57894 5
57908 4
57909 2
57920 8
57927 2
57949 8
57958 9
57962 4
57984 10
58000 5
58013 4
58026 10
58028 4
58033 7
58055 2
58056 7
58062 1
58084 2
58091 9
58095 9
58098 3
58105 4
58107 8
58118 2
58125 10
58135 9
58136 6
58142 8
58150 6
58153 5
58173 10
58194 1
58207 9
58215 1
58221 3
58223 6
58241 2
58246 3
58255 5
58277 4
58283 5
58285 9
58288 2
58295 8
58298 7
58308 1
58374 7
58382 8
58385 6
58397 6
58399 0
58400 6
58402 1
58424 8
58427 6
58467 4
58471 10
58478 10
58484 7
58485 5
58511 7
58514 6
58523 7
58524 8
58528 4
58541 7
58543 10
58549 4
58555 1
58565 1
58568 6
58580 3
58598 2
58607 5
58612 4
58616 2
58620 9
58633 5
58639 0
58643 3
58644 7
58655 7
58655 9
58668 0
58672 7
58678 8
58678 4
58680 7
58689 4
58689 10
58691 8
58704 2
58710 9
58713 6
58728 8
58732 9
58745 3
58750 7
58753 2
58757 9
58762 5
58765 2
58768 3
58782 3
58790 7
58792 6
58800 10
58818 1
58825 1
58829 4
58833 0
58835 1
58839 7
58840 10
58849 3
58864 10
58875 9
58876 5
58885 3
58886 4
58892 8
58901 1
58901 0
58903 9
58917 10
58918 3
58919 8
58927 2
58937 10
58942 3
58950 9
58980 9
59005 2
59010 0
59016 10
59017 10
59038 9
59052 6
59053 2
59056 3
59056 10
59062 0
59064 9
59087 1
59112 0
59122 2
59145 0
59146 10
59152 4
59158 9
59158 10
59158 8
59167 9
59172 3
59175 2
59181 9
59191 8
59213 10
59217 9
59219 1
59224 2
59243 1
59250 2
59254 1
59257 0
59276 7
59278 5
59279 6
59280 7
59291 6
59295 0
59296 1
59300 2
59309 6
59314 9
59329 6
59336 2
59338 5
59339 1
59340 4
59341 7
59355 0
59362 7
59363 7
59370 4
59373 10
59376 2
59403 3
59404 0
59405 5
59411 5
59411 4
59423 6
59433 9
59433 3
59440 9
59441 3
59454 9
59454 0
59455 10
59460 4
59523 9
59530 2
59533 7
59537 3
59540 4
59564 2
59574 5
59587 4
59617 7
59627 10
59636 2
59636 7
59655 0
59658 8
59659 2
59666 4
59673 1
59683 0
59683 10
59695 0
59706 7
59713 4
59719 5
59722 2
59723 9
59735 5
59737 4
59738 9
59746 4
59749 3
59749 4
59754 4
59763 4
59772 4
59783 6
59784 7
59803 2
59816 5
59820 4
59825 7
59825 9
59826 7
59827 1
59855 4
59858 9
59874 1
59878 9
59880 6
59906 5
59916 5
59920 1
59927 9
59939 4
59972 8
59975 4
59993 4
60006 0
60007 4
60011 10
60028 9
60038 4
60040 7
60058 9
60062 2
60064 9
60066 10
60078 10
60111 3
60114 10
60120 1
60138 1
60139 7
60150 9
60152 9
60153 6
60170 0
60173 0
60179 9
60182 0
60182 10
60186 8
60189 7
60190 9
60202 1
60203 7
60210 5
60217 9
60227 8
60228 7
60230 4
60237 7
60247 4
60249 6
60288 6
60290 1
60304 3
60324 3
60333 0
60337 6
60344 8
60358 8
60367 2
60383 2
60398 2
60407 7
60408 9
60413 6
60414 1
60466 10
60471 0
60491 2
60493 4
60499 0
60499 2
60502 3
60502 0
60512 6
60515 2
60515 10
60520 4
60521 4
60526 7
60528 3
60530 2
60547 8
60547 4
60559 2
60559 7
60564 6
60566 2
60573 3
60574 0
60591 2
60597 10
60603 9
60607 8
60640 4
60643 0
60654 5
60658 5
60668 6
60673 4
60675 3
60685 9
60691 0
60694 3
60710 8
60711 8
60724 5
60734 10
60736 2
60758 1
60760 1
60765 8
60776 2
60781 1
60800 9
60819 4
60830 0
60849 5
60863 1
60870 10
60872 5
60873 0
60875 0
60881 2
60882 5
60885 7
60907 0
60907 6
60911 8
60913 4
60913 0
60946 6
60952 1
60952 6
60977 5
60982 7
60984 4
60992 5
61002 10
61002 6
61006 6
61047 10
61048 4
61050 6
61054 0
61067 3
61072 7
61079 5
61080 10
61084 6
61088 0
61091 3
61093 0
61116 3
61117 4
61119 6
61122 0
61132 3
61136 10
61146 8
61147 6
61166 9
61167 3
61178 4
61180 8
61188 0
61190 4
61194 4
61208 1
61219 5
61229 9
61239 6
61254 6
61277 3
61292 3
61294 10
61294 0
61299 4
61302 6
61303 2
61308 3
61316 4
61319 1
61323 5
61369 1
61381 9
61406 8
61411 7
61413 1
61417 0
61418 3
61419 2
61421 4
61433 8
61435 3
61447 2
61448 4
61465 3
61469 9
61479 1
61479 3
61487 5
61495 2
61499 7
61520 0
61547 5
61547 3
61555 5
61565 4
61577 9
61584 4
61584 8
61590 0
61591 6
61597 9
61620 7
61634 6
61637 10
61657 6
61662 8
61665 4
61679 4
61689 2
61701 10
61703 3
61720 7
61733 4
61735 7
61739 4
61761 8
61764 9
61792 9
61798 3
61799 2
61812 2
61817 10
61820 0
61822 5
61850 8
61860 8
61876 2
61882 1
61904 8
61905 7
61906 7
61914 3
61917 0
61923 9
61934 7
61936 4
61956 6
61956 2
61968 3
61982 5
62001 5
62004 6
62012 4
62014 3
62022 7
62023 3
62027 6
62032 2
62033 8
62044 8
62058 3
62067 0
62070 2
62072 4
62079 8
62079 3
62083 2
62084 7
62089 4
62103 1
62109 8
62121 0
62125 9
62130 8
62151 4
62176 1
62185 1
62187 3
62192 3
62193 7
62199 0
62221 5
62232 7
62235 3
62241 2
62243 9
62246 6
62271 3
62278 9
62278 1
62278 5
62279 6
62284 10
62285 0
62323 2
62326 9
62333 2
62338 4
62342 6
62342 0
62356 8
62377 4
62381 9
62423 9
62430 7
62439 5
62456 3
62458 4
62469 4
62478 8
62486 1
62490 1
62498 10
62503 3
62513 7
62514 4
62515 1
62517 9
62522 6
62535 7
62538 9
62557 2
62581 4
62584 7
62588 0
62599 7
62621 6
62632 5
62635 10
62641 8
62649 8
62657 6
62664 5
62665 9
62677 10
62707 9
62711 8
62715 10
62727 1
62737 0
62762 2
62776 6
62782 2
62791 2
62791 1
62808 2
62823 1
62826 7
62829 7
62831 5
62864 0
62869 4
62882 3
62883 6
62915 10
62917 6
62930 2
62931 7
62934 0
62937 0
62942 2
62950 9
62953 7
62970 6
62982 10
62986 8
62989 1
62991 9
62992 3
62993 3
63014 5
63015 7
63017 10
63027 8
63031 3
63041 7
63042 1
63044 4
63048 2
63051 10
63079 2
63079 4
63083 6
63115 9
63115 10
63118 10
63123 8
63124 8
63137 0
63139 9
63147 1
63148 10
63150 0
63158 9
63165 3
63169 3
63175 0
63179 9
63185 6
63198 10
63202 2
63226 5
63240 9
63248 0
63249 10
63252 4
63269 1
63276 1
63282 8
63287 3
63292 7
63304 8
63312 5
63312 7
63332 1
63337 10
63342 8
63350 0
63363 5
63364 0
63366 2
63371 7
63376 8
63379 1
63380 7
63381 4
63386 9
63393 4
63393 0
63401 4
63404 7
63405 7
63406 5
63422 2
63432 2
63441 10
63477 6
63478 7
63487 6
63491 2
63509 10
63525 4
63526 3
63537 8
63539 9
63541 7
63543 5
63544 4
63544 3
63548 3
63560 6
63566 6
63572 9
63578 3
63579 10
63588 6
63597 6
63601 10
63616 7
63625 9
63637 7
63638 1
63642 9
63643 7
63644 2
63656 3
63674 0
63679 0
63681 6
63689 5
63689 2
63694 5
63714 1
63714 10
63721 2
63734 2
63736 0
63768 0
63772 10
63789 8
63808 10
63818 5
63819 5
63826 6
63829 6
63848 9
63849 9
63858 0
63858 6
63858 5
63859 3
63864 7
63875 2
63889 2
63895 5
63897 9
63907 7
63919 1
63925 1
63941 6
63950 6
63971 10
63972 8
63974 3
63981 7
63994 5
64018 7
64019 4
64034 5
64047 0
64072 7
64085 9
64100 6
64104 0
64108 9
64110 8
64135 4
64143 6
64148 0
64152 8
64173 7
64173 5
64174 6
64177 0
64181 7
64192 7
64201 5
64204 9
64210 8
64212 0
64225 4
64249 6
64277 5
64289 1
64297 6
64308 0
64318 0
64320 8
64331 1
64332 10
64339 0
64347 6
64354 0
64362 10
64368 0
64369 10
64372 5
64379 0
64392 0
64403 1
64407 6
64409 8
64413 2
64420 3
64431 1
64446 2
64450 9
64458 3
64460 0
64466 8
64475 9
64484 5
64493 3
64507 1
64540 8
64542 7
64549 5
64560 3
64564 7
64565 3
64567 3
64573 4
64583 5
64590 3
64592 9
64611 7
64627 2
64628 1
64640 0
64641 8
64648 6
64649 9
64653 4
64655 9
64685 2
64702 7
64705 0
64716 2
64718 3
64719 9
64726 9
64727 6
64728 9
64730 8
64738 5
64745 9
64755 5
64759 4
64768 4
64781 0
64794 9
64795 0
64806 2
64818 1
64819 0
64839 2
64851 5
64855 4
64858 2
64859 2
64868 9
64877 0
64883 0
64885 0
64906 1
64911 2
64914 7
64925 9
64929 10
64943 4
64950 5
64951 6
64971 3
64987 2
64991 5
65000 2
65005 9
65010 3
65012 1
65023 3
65024 3
65035 8
65045 6
65059 8
65059 3
65077 0
65083 2
65088 4
65088 7
65090 1
65094 9
65110 10
65113 9
65116 6
65119 1
65126 5
65138 6
65139 5
65143 3
65146 0
65152 1
65156 4
65168 3
65169 7
65179 10
65183 5
65186 1
65189 7
65217 7
65219 7
65227 1
65228 2
65233 8
65244 9
65260 10
65263 2
65276 0
65281 3
65296 8
65302 3
65306 5
65308 1
65309 0
65310 4
65312 9
65315 10
65320 8
65325 10
65330 0
65335 7
65345 1
65347 7
65353 4
65373 6
65374 7
65378 0
65379 0
65389 4
65393 2
65398 3
65399 3
65413 1
65420 7
65423 3
65427 6
65431 4
65433 4
65438 3
65440 9
65449 6
65455 0
65455 6
65458 1
65469 3
65472 7
65484 9
65495 10
65496 6
65506 0
65512 3
65525 10
65540 8
65540 5
65543 4
65547 6
65549 3
65551 7
65558 4
65571 7
65578 8
65580 1
65608 8
65622 6
65631 9
65636 10
65638 5
65657 3
65669 7
65672 8
65673 7
65682 3
65682 8
65705 10
65706 9
65719 1
65729 0
65735 0
65737 0
65740 1
65755 5
65764 8
65792 3
65814 10
65816 7
65829 1
65829 8
65837 0
65842 5
65873 5
65891 8
65897 8
65902 2
65931 6
65932 9
65936 7
65968 10
65973 6
65975 10
66004 1
66006 9
66011 2
66013 8
66050 10
66055 1
66070 2
66077 10
66083 10
66087 3
66091 3
66093 0
66094 1
66099 6
66101 1
66104 7
66141 1
66147 10
66148 2
66154 6
66155 9
66155 1
66172 8
66175 8
66176 6
66179 9
66181 8
66184 2
66184 3
66190 2
66191 7
66210 4
66247 6
66260 9
66273 10
66276 2
66277 6
66285 2
66289 0
66303 1
66309 2
66309 10
66310 8
66316 2
66330 6
66349 5
66350 2
66352 6
66372 10
66384 2
66391 8
66410 8
66417 10
66421 4
66433 6
66447 9
66456 0
66460 1
66473 0
66481 2
66500 5
66505 8
66508 6
66515 4
66528 6
66557 2
66557 0
66573 9
66573 0
66576 7
66587 1
66614 3
66615 8
66620 5
66620 10
66641 9
66651 5
66720 7
66721 8
66745 5
66748 6
66794 10
66819 1
66820 8
66829 4
66833 8
66844 5
66846 4
66851 2
66853 2
66859 1
66863 8
66873 0
66880 7
66895 4
66896 9
66939 8
66950 10
66957 6
66960 3
66991 5
67013 3
67019 8
67040 10
67043 8
67054 2
67055 0
67064 6
67068 10
67074 8
67083 4
67094 4
67096 8
67107 1
67119 9
67119 7
67129 2
67137 8
67155 8
67176 7
67184 4
67188 6
67204 7
67209 8
67213 1
67215 1
67259 1
67269 9
67278 6
67285 2
67289 9
67290 4
67296 4
67298 7
67326 0
67341 1
67360 2
67367 10
67377 6
67395 2
67420 8
67431 3
67432 3
67445 5
67449 5
67452 7
67452 1
67456 3
67457 6
67474 4
67486 6
67489 10
67493 6
67507 8
67513 4
67517 4
67523 10
67530 5
67538 8
67545 9
67551 6
67552 4
67576 1
67576 2
67576 5
67579 7
67590 3
67603 8
67604 4
67614 5
67616 9
67617 8
67632 3
67633 1
67634 2
67638 4
67639 9
67655 6
67664 2
67668 1
67673 0
67678 8
67698 6
67700 1
67707 1
67740 10
67741 2
67754 9
67761 0
67762 9
67766 9
67781 3
67796 8
67802 0
67802 4
67832 4
67833 2
67833 3
67842 3
67845 3
67847 8
67854 2
67855 0
67857 6
67858 3
67863 7
67866 7
67883 10
67892 5
67898 10
67907 1
67935 2
67943 7
67950 4
67953 0
67961 6
67973 7
67983 1
67985 3
67993 10
67995 1
68015 6
68031 3
68042 10
68046 0
68051 5
68054 7
68065 8
68069 10
68093 2
68099 4
68132 6
68134 4
68142 7
68165 10
68169 7
68200 10
68215 1
68237 6
68248 6
68252 2
68258 5
68261 0
68262 1
68263 5
68270 3
68271 2
68283 6
68285 6
68289 7
68306 8
68318 10
68320 9
68344 1
68355 8
68358 3
68368 7
68370 7
68371 1
68376 8
68377 9
68403 8
68406 2
68413 4
68415 5
68415 0
68426 0
68432 10
68434 2
68438 2
68443 7
68444 1
68445 10
68451 4
68457 3
68465 4
68468 4
68470 2
68472 2
68485 1
68493 6
68502 1
68503 9
68511 9
68514 9
68520 9
68521 5
68534 6
68534 9
68551 10
68559 10
68587 7
68608 1
68628 5
68664 6
68668 7
68668 3
68679 6
68691 2
68706 1
68707 6
68712 4
68714 1
68715 6
68723 2
68724 7
68727 10
68733 1
68749 3
68759 4
68762 6
68764 8
68765 3
68767 10
68770 8
68778 6
68791 8
68803 6
68815 7
68818 3
68823 10
68833 7
68837 4
68843 7
68877 10
68888 7
68895 0
68901 4
68901 10
68906 2
68929 8
68931 3
68933 0
68938 7
68946 4
68951 2
68959 8
68980 10
68988 6
68988 0
69004 10
69007 2
69008 4
69012 0
69013 7
69016 2
69017 10
69047 4
69047 9
69054 4
69058 0
69095 6
69100 7
69108 1
69116 1
69130 10
69131 3
69133 5
69145 9
69147 0
69153 5
69154 7
69164 2
69166 8
69169 3
69169 0
69181 8
69192 3
69224 6
69246 0
69248 5
69259 9
69270 10
69273 8
69288 4
69290 2
69293 3
69297 10
69305 8
69334 4
69341 0
69359 10
69367 5
69367 8
69403 5
69405 10
69449 6
69453 6
69460 8
69460 6
69464 9
69480 2
69493 7
69538 10
69542 6
69550 2
69561 1
69564 8
69570 0
69573 2
69578 0
69594 8
69615 0
69629 10
69629 2
69631 8
69635 6
69636 1
69636 5
69638 10
69653 3
69662 1
69672 3
69676 10
69691 1
69696 2
69707 0
69716 2
69719 9
69721 6
69726 0
69727 3
69736 1
69736 6
69744 6
69747 5
69763 10
69775 4
69792 2
69803 1
69807 0
69849 8
69850 8
69853 7
69860 3
69874 8
69877 9
69881 5
69895 9
69900 8
69912 3
69913 4
69922 1
69933 6
69935 2
69936 5
69948 3
69950 2
69954 8
69954 2
69956 3
69958 4
69960 4
69982 8
69992 10
70010 8
70016 9
70022 10
70027 4
70034 5
70040 9
70054 9
70061 4
70062 4
70068 3
70072 2
70086 2
70110 7
70115 1
70122 8
70135 0
70176 0
70179 5
70184 4
70187 9
70192 0
70211 7
70214 3
70218 7
70223 8
70225 10
70243 2
70244 2
70265 9
70279 5
70281 1
70288 9
70300 3
70305 0
70309 1
70310 3
70343 9
70345 6
70358 6
70364 3
70386 10
70404 1
70415 10
70416 2
70416 6
70425 10
70426 7
70438 0
70492 10
70500 10
70523 8
70524 0
70527 7
70536 4
70543 2
70557 0
70563 0
70567 9
70570 0
70573 0
70574 5
70576 7
70580 8
70601 0
70604 1
70609 8
70623 1
70641 8
70644 4
70664 3
70667 9
70671 8
70672 5
70676 0
70684 8
70698 6
70703 3
70705 5
70716 7
70735 0
70739 7
70741 2
70743 5
70749 9
70756 9
70785 1
70801 2
70807 1
70842 10
70860 10
70870 6
70892 6
70893 8
70915 9
70922 1
70923 7
70932 9
70932 7
70947 4
70995 0
70997 8
71019 3
71020 9
71021 7
71032 7
71033 0
71034 4
71036 8
71041 6
71045 3
71054 8
71072 4
71076 2
71081 10
71093 0
71096 5
71109 1
71112 2
71114 7
71114 9
71118 3
71123 6
71127 10
71153 2
71177 5
71183 3
71218 9
71220 4
71231 0
71232 1
71237 6
71252 10
71285 0
71293 3
71305 4
71309 6
71314 3
71325 2
71342 10
71343 2
71346 10
71375 8
71384 3
71402 4
71408 1
71446 8
71455 4
71456 3
71456 7
71475 8
71478 8
71479 7
71485 0
71504 4
71509 2
71516 3
71538 6
71539 0
71542 5
71543 0
71548 1
71552 5
71586 0
71596 8
71599 7
71600 9
71607 3
71610 1
71614 6
71621 0
71644 1
71648 2
71649 0
71661 4
71685 10
71706 8
71722 6
71723 0
71748 10
71764 2
71767 8
71768 9
71803 5
71816 1
71842 4
71852 3
71858 4
71861 1
71862 0
71869 0
71871 8
71872 9
71879 6
71886 4
71898 3
71899 5
71903 1
71905 1
71916 5
71920 4
71931 7
71940 1
71941 4
71944 8
71948 3
71950 9
71956 10
71965 7
71968 9
71974 1
71975 0
71978 3
71988 0
71991 3
72003 8
72006 5
72016 4
72030 6
72031 7
72034 2
72037 0
72044 0
72050 9
72057 8
72082 0
72082 8
72084 6
72085 9
72095 9
72099 0
72123 7
72124 3
72129 2
72144 9
72146 10
72148 6
72153 5
72153 2
72157 4
72160 2
72197 10
72201 7
72201 2
72210 6
72214 4
72250 9
72257 3
72258 7
72260 4
72263 0
72269 8
72269 9
72271 1
72274 9
72283 5
72326 5
72327 7
72337 8
72363 8
72369 1
72374 0
72380 4
72391 8
72397 8
72409 7
72410 7
72432 5
72434 3
72438 2
72439 9
72475 3
72478 7
72511 5
72512 2
72514 4
72516 7
72518 3
72523 4
72523 10
72524 7
72530 0
72542 0
72553 3
72559 4
72565 7
72577 2
72599 8
72600 10
72602 1
72603 8
72608 3
72628 8
72693 6
72694 7
72714 3
72722 3
72723 4
72727 9
72734 6
72766 9
72771 4
72785 0
72790 9
72792 8
72793 1
72801 2
72803 6
72816 6
72819 0
72821 4
72823 6
72843 6
72853 4
72859 4
72870 10
72873 2
72882 4
72889 8
72895 1
72902 6
72912 10
72914 4
72920 2
72928 4
72930 1
72933 2
72949 4
72950 0
72959 7
72971 8
72986 7
72997 1
73020 6
73025 0
73029 4
73033 6
73051 1
73051 10
73061 10
73070 9
73071 9
73100 10
73102 1
73103 10
73107 8
73109 9
73120 2
73122 9
73135 7
73149 5
73158 8
73161 0
73169 3
73174 2
73178 10
73199 0
73207 3
73220 0
73229 9
73241 2
73260 1
73278 6
73279 5
73293 5
73300 3
73302 6
73316 5
73318 2
73322 1
73336 7
73378 6
73379 0
73389 2
73398 5
73402 9
73406 5
73416 9
73424 6
73426 8
73430 6
73431 5
73436 10
73449 4
73462 1
73476 9
73483 3
73502 5
73507 3
73507 6
73524 5
73525 0
73544 8
73546 7
73567 8
73579 6
73581 1
73585 4
73607 4
73630 8
73642 10
73652 2
73656 0
73660 8
73661 7
73665 7
73671 1
73685 8
73688 9
73695 0
73697 0
73705 3
73710 8
73711 3
73718 6
73721 5
73723 5
73733 0
73746 0
73749 4
73754 9
73756 5
73758 7
73759 3
73778 9
73781 4
73794 3
73795 1
73804 4
73808 7
73813 2
73830 1
73834 3
73846 2
73847 8
73850 0
73854 6
73868 3
73873 1
73877 0
73878 3
73886 0
73886 9
73920 2
73926 3
73937 3
73943 0
73948 3
73959 6
73986 0
73986 4
74001 4
74002 6
74014 0
74017 2
74025 7
74050 3
74055 4
74057 7
74058 9
74060 6
74066 4
74077 8
74080 3
74087 10
74096 0
74101 9
74102 5
74115 1
74120 6
74130 8
74150 1
74150 7
74159 8
74161 9
74168 7
74179 0
74186 2
74201 4
74207 10
74215 0
74222 10
74255 7
74262 0
74271 10
74280 10
74290 1
74297 0
74300 8
74308 1
74312 2
74316 10
74328 4
74338 4
74350 2
74366 0
74376 2
74389 7
74391 5
74404 7
74411 4
74420 8
74421 10
74431 10
74433 9
74442 8
74447 3
74471 2
74473 8
74499 3
74504 10
74523 1
74525 6
74530 7
74531 4
74532 10
74536 7
74582 1
74598 5
74601 10
74615 1
74616 7
74617 3
74622 9
74626 8
74640 2
74657 8
74660 5
74663 10
74667 2
74675 7
74688 9
74714 9
74716 2
74737 6
74757 1
74765 9
74766 9
74768 6
74769 3
74771 1
74772 10
74786 7
74808 3
74838 0
74840 2
74853 9
74854 0
74855 5
74860 10
74860 9
74861 5
74873 1
74885 2
74897 8
74898 8
74914 5
74917 4
74926 0
74937 5
74948 6
74965 2
74990 0
74992 8
75001 10
75007 9
75009 3
75011 2
75012 6
75017 8
75017 2
75020 5
75020 7
75021 10
75025 2
75039 4
75047 3
75055 9
75063 8
75075 0
75080 3
75082 6
75083 4
75091 9
75097 2
75132 4
75140 3
75157 10
75159 8
75172 1
75179 3
75189 3
75197 6
75201 2
75213 3
75220 4
75223 8
75226 5
75227 6
75229 2
75230 2
75239 0
75253 0
75256 1
75257 3
75258 10
75265 6
75276 1
75276 5
75317 3
75317 10
75320 8
75320 6
75326 1
75326 5
75331 7
75333 9
75348 6
75361 9
75368 8
75369 5
75374 1
75377 0
75387 7
75417 1
75419 5
75431 2
75436 10
75436 9
75437 2
75440 7
75441 9
75465 0
75469 7
75476 7
75490 3
75495 3
75497 6
75510 2
75516 7
75541 0
75598 4
75602 8
75605 10
75611 5
75622 1
75623 8
75634 2
75637 5
75639 1
75656 6
75669 5
75672 2
75679 7
75699 4
75709 6
75710 1
75710 5
75721 0
75743 7
75765 5
75804 5
75815 9
75819 7
75827 5
75842 10
75850 8
75862 0
75871 0
75895 2
75898 5
75903 6
75905 5
75917 8
75919 1
75927 6
75936 6
75944 7
75945 7
75948 3
75972 1
75973 9
75995 3
75997 5
75997 9
76006 7
76007 3
76020 7
76021 6
76023 2
76025 2
76042 6
76045 3
76047 0
76050 7
76061 9
76069 8
76073 7
76081 1
76082 3
76088 9
76106 4
76123 10
76125 5
76139 3
76142 1
76155 7
76184 6
76190 1
76210 3
76212 6
76216 5
76221 9
76224 4
76224 1
76231 7
76237 2
76247 8
76247 2
76259 3
76259 6
76261 5
76266 1
76270 10
76281 3
76291 2
76293 3
76314 0
76322 0
76341 8
76346 8
76347 4
76377 5
76378 10
76386 10
76397 4
76398 8
76404 4
76429 0
76441 10
76450 8
76456 9
76458 2
76467 10
76468 6
76469 1
76481 8
76484 1
76491 1
76512 0
76519 5
76526 5
76532 6
76545 0
76571 5
76579 0
76589 5
76600 7
76601 5
76607 0
76609 9
76622 1
76647 8
76661 7
76661 9
76662 4
76669 1
76678 7
76680 1
76686 1
76688 10
76712 9
76731 2
76735 8
76739 2
76762 6
76765 9
76765 2
76766 1
76769 6
76773 1
76773 3
76780 2
76783 8
76789 0
76804 3
76809 6
76822 3
76831 10
76833 10
76834 10
76837 0
76839 8
76841 6
76843 9
76850 2
76890 0
76921 6
76934 5
76935 3
76944 8
76944 1
76952 9
77019 3
77052 8
77052 0
77054 6
77087 8
77108 3
77119 2
77127 9
77145 9
77148 0
77154 2
77173 6
77176 2
77178 6
77179 5
77179 1
77186 8
77199 6
77201 10
77211 3
77214 8
77214 1
77217 5
77220 7
77230 8
77239 7
77245 0
77252 10
77260 1
77265 5
77267 1
77285 1
77291 5
77299 2
77309 4
77326 6
77336 5
77345 4
77364 2
77372 6
77375 9
77404 5
77404 2
77405 9
77409 9
77424 0
77424 3
77427 7
77430 0
77433 5
77433 9
77439 4
77447 6
77458 4
77467 0
77482 5
77500 2
77502 3
77506 8
77517 9
77519 8
77531 4
77553 9
77559 8
77561 0
77562 3
77573 3
77578 4
77582 10
77611 8
77622 10
77638 4
77639 3
77657 7
77668 10
77671 0
77672 10
77676 5
77681 8
77687 10
77691 7
77694 0
77696 4
77698 7
77699 2
77735 7
77751 10
77767 6
77771 0
77788 4
77795 5
77798 0
77820 0
77823 5
77824 8
77828 9
77830 0
77853 2
77856 10
77860 8
77867 10
77880 7
77889 4
77909 7
77913 0
77923 10
77933 5
77935 4
77940 7
77960 8
77965 2
77985 0
77989 5
78012 7
78026 4
78027 8
78033 7
78036 4
78043 4
78046 3
78054 1
78066 0
78068 6
78092 8
78094 5
78097 9
78097 6
78100 8
78113 7
78120 8
78130 7
78131 10
78134 6
78145 7
78148 0
78156 2
78167 9
78171 2
78174 4
78176 10
78186 7
78194 8
78227 7
78229 10
78230 9
78256 5
78258 10
78274 8
78295 4
78302 6
78352 7
78355 8
78359 6
78360 0
78361 3
78366 8
78381 10
78381 8
78415 9
78428 4
78486 4
78495 10
78519 1
78537 5
78553 0
78553 10
78553 8
78558 1
78564 1
78572 9
78574 3
78587 8
78600 4
78605 8
78620 8
78653 9
78653 0
78657 3
78658 8
78661 3
78669 7
78673 3
78681 6
78682 6
78682 9
78686 9
78701 7
78721 8
78724 0
78725 8
78733 1
78738 2
78739 5
78746 7
78748 4
78759 10
78767 0
78773 5
78783 0
78805 6
78809 3
78819 3
78820 7
78826 9
78850 5
78862 10
78869 3
78874 5
78886 0
78889 10
78918 4
78921 3
78947 2
78948 7
78951 10
78954 0
78961 4
78966 4
78970 7
78971 5
78983 10
78990 2
78990 0
78991 0
78992 1
79012 1
79016 6
79018 2
79024 9
79027 9
79028 6
79037 1
79041 0
79043 6
79064 9
79079 4
79088 8
79089 1
79093 9
79093 2
79099 9
79106 5
79109 7
79118 7
79141 0
79144 6
79155 1
79157 9
79174 3
79175 5
79185 7
79186 9
79192 3
79207 3
79211 2
79212 6
79221 8
79232 3
79234 0
79235 4
79249 6
79252 0
79256 10
79269 2
79276 4
79290 6
79292 4
79294 0
79295 5
79298 0
79302 7
79302 10
79304 2
79315 6
79318 2
79323 1
79328 10
79338 1
79350 8
79378 5
79400 2
79411 7
79415 7
79418 6
79430 0
79435 3
79452 5
79464 4
79472 0
79484 2
79485 1
79492 9
79504 6
79513 3
79529 4
79552 0
79552 5
79559 9
79562 6
79580 9
79586 1
79587 0
79606 10
79607 5
79609 3
79619 7
79629 3
79636 4
79645 1
79654 5
79654 8
79661 3
79680 6
79694 9
79696 2
79697 0
79707 2
79716 6
79725 5
79732 0
79742 4
79744 0
79762 6
79764 10
79772 5
79785 4
79800 7
79800 9
79801 7
79811 1
79820 5
79825 4
79826 3
79858 8
79859 4
79866 3
79867 7
79880 1
79885 5
79902 8
79910 6
79913 3
79927 10
79939 7
79939 9
79949 1
79952 6
79967 6
79973 1
79984 8
79984 5
79990 10
79996 0
80000 5
80004 1
80010 4
80014 0
80016 5
80016 6
80023 8
80036 4
80044 5
80047 2
80053 10
80077 3
80079 2
80096 7
80103 0
80105 0
80106 5
80112 8
80128 1
80132 0
80145 2
80151 5
80154 2
80157 7
80158 3
80183 9
80183 8
80188 6
80209 6
80210 7
80215 5
80230 2
80241 5
80250 8
80260 3
80272 1
80275 6
80286 3
80296 0
80296 5
80297 6
80307 8
80321 10
80333 6
80336 1
80349 6
80353 6
80366 6
80380 1
80390 8
80409 3
80414 4
80419 9
80422 9
80428 2
80438 6
80444 9
80454 7
80455 6
80456 0
80475 8
80480 7
80482 0
80493 0
80495 0
80495 8
80496 0
80510 3
80516 0
80520 6
80522 1
80525 2
80535 6
80545 9
80545 0
80545 3
80550 9
80551 3
80580 2
80627 4
80637 1
80637 9
80656 10
80656 5
80677 1
80684 1
80696 9
80702 1
80716 2
80719 9
80739 3
80748 10
80753 0
80761 4
80768 6
80783 7
80786 0
80794 4
80796 10
80797 0
80816 8
80841 2
80861 6
80872 10
80873 0
80875 3
80875 6
80886 1
80892 3
80894 2
80894 6
80902 0
80915 4
80915 3
80928 9
80930 6
80930 2
80945 6
80948 0
80974 10
80980 4
80986 5
80987 1
80991 5
80992 5
81002 10
81011 6
81026 10
81031 5
81039 3
81039 4
81055 0
81081 5
81093 4
81094 10
81102 0
81124 10
81148 4
81149 10
81158 0
81167 1
81181 4
81185 1
81189 3
81192 0
81193 5
81197 7
81204 9
81225 1
81242 6
81248 1
81257 1
81260 3
81261 3
81269 0
81273 10
81294 2
81302 6
81303 6
81307 1
81310 10
81317 2
81326 3
81337 0
81338 3
81338 8
81361 8
81366 6
81367 2
81377 4
81382 5
81397 2
81404 5
81405 6
81410 3
81421 2
81422 1
81425 9
81426 3
81428 5
81436 0
81439 9
81473 1
81478 6
81480 3
81480 6
81483 10
81483 7
81483 3
81490 2
81519 3
81520 7
81521 5
81524 10
81550 10
81574 6
81587 0
81597 2
81623 8
81629 5
81631 5
81631 0
81631 8
81633 9
81655 1
81662 8
81687 9
81692 10
81694 8
81695 1
81696 10
81720 0
81721 7
81733 6
81735 9
81742 5
81761 2
81769 7
81778 5
81779 5
81806 0
81810 0
81816 3
81835 5
81836 9
81850 5
81880 3
81917 10
81928 4
81931 8
81941 3
81993 8
82007 2
82007 10
82019 2
82021 7
82037 0
82041 2
82041 7
82046 10
82054 7
82056 7
82058 7
82071 6
82080 7
82101 0
82107 5
82107 7
82109 9
82110 2
82110 8
82113 6
82114 1
82118 3
82121 1
82122 3
82145 9
82146 5
82150 4
82154 8
82155 6
82159 3
82185 6
82193 4
82196 5
82213 1
82218 3
82218 1
82219 8
82220 8
82235 3
82237 7
82238 10
82239 0
82246 0
82256 5
82257 5
82260 3
82268 8
82277 7
82278 7
82286 2
82301 2
82311 7
82317 2
82345 0
82353 6
82359 9
82367 9
82368 10
82372 8
82373 10
82376 7
82402 5
82413 7
82429 10
82438 7
82443 7
82453 6
82454 9
82460 3
82460 2
82463 5
82467 9
82476 8
82477 7
82490 6
82494 5
82512 2
82512 7
82525 0
82535 5
82549 8
82564 6
82565 0
82565 5
82574 7
82574 5
82581 10
82601 8
82607 6
82628 9
82632 10
82642 4
82647 8
82649 8
82662 8
82667 2
82673 0
82683 6
82684 7
82694 10
82695 8
82696 3
82699 3
82701 8
82724 7
82725 10
82736 5
82738 4
82739 0
82740 9
82751 8
82755 3
82769 3
82769 8
82779 6
82781 5
82783 6
82824 1
82840 0
82860 5
82864 4
82865 3
82874 1
82889 0
82894 2
82917 5
82935 9
82944 6
82946 0
82949 3
82955 10
82977 6
82999 9
83002 3
83002 10
83005 4
83013 6
83022 1
83054 6
83065 3
83070 8
83074 3
83081 7
83082 2
83095 2
83097 6
83109 8
83113 3
83120 2
83128 5
83167 4
83175 10
83200 3
83216 0
83235 4
83239 2
83244 5
83252 4
83263 2
83291 1
83295 4
83302 4
83307 0
83307 9
83314 7
83315 8
83320 8
83327 2
83330 10
83331 10
83338 8
83343 4
83367 8
83376 3
83380 2
83382 5
83382 6
83393 10
83396 1
83418 10
83423 9
83447 7
83449 10
83452 7
83461 1
83480 2
83484 3
83497 0
83507 1
83532 7
83552 1
83555 4
83571 2
83587 0
83598 7
83604 8
83607 0
83607 3
83607 5
83609 0
83619 2
83619 5
83622 4
83647 4
83653 7
83659 6
83666 3
83670 4
83680 3
83685 5
83685 10
83686 3
83701 4
83703 4
83720 3
83727 6
83728 9
83752 6
83755 4
83763 1
83770 4
83772 3
83773 2
83779 9
83788 1
83803 2
83818 1
83823 9
83828 9
83841 7
83861 6
83869 7
83878 8
83883 7
83888 6
83891 2
83891 10
83918 5
83918 3
83923 5
83930 8
83934 4
83935 10
83936 8
83942 3
83964 8
83972 9
83976 5
83982 1
83985 10
83990 9
84007 6
84011 0
84024 2
84042 8
84043 5
84047 6
84054 8
84063 8
84065 9
84073 7
84075 7
84078 10
84083 2
84086 4
84099 3
84105 7
84107 1
84110 3
84118 4
84121 6
84123 2
84127 5
84140 6
84149 1
84154 7
84194 1
84198 0
84204 0
84219 2
84251 8
84260 1
84264 7
84268 5
84270 7
84288 4
84301 6
84320 0
84324 0
84325 2
84345 4
84352 10
84358 1
84363 0
84371 5
84372 4
84382 4
84382 5
84388 10
84403 3
84431 7
84439 2
84441 1
84445 2
84449 3
84449 7
84449 6
84452 1
84456 7
84470 8
84483 9
84496 7
84515 2
84541 8
84586 7
84592 3
84612 1
84615 8
84616 0
84630 7
84637 8
84641 1
84643 8
84652 1
84657 4
84661 1
84668 7
84685 4
84698 9
84700 8
84713 5
84717 9
84736 2
84749 7
84751 6
84754 0
84769 9
84776 9
84782 10
84789 6
84791 6
84792 3
84793 2
84796 2
84803 1
84804 4
84810 5
84813 10
84816 8
84825 4
84830 2
84834 7
84837 7
84844 5
84852 4
84859 1
84876 10
84882 1
84886 5
84908 7
84913 5
84918 4
84922 3
84923 2
84930 2
84966 5
84971 1
84976 3
84980 5
84982 5
84988 6
85006 3
85010 10
85032 7
85040 6
85046 5
85051 8
85052 1
85052 6
85056 4
85059 5
85063 8
85072 6
85079 7
85086 3
85090 9
85091 1
85094 10
85096 5
85113 5
85120 8
85123 8
85124 7
85127 4
85130 10
85142 5
85146 6
85158 2
85158 0
85163 10
85181 5
85181 3
85184 7
85187 9
85194 7
85209 6
85227 9
85231 2
85255 6
85256 4
85260 5
85266 6
85268 8
85290 6
85291 1
85297 0
85299 3
85308 2
85327 4
85328 2
85342 1
85350 7
85353 9
85360 8
85366 10
85371 7
85378 1
85387 7
85398 10
85405 3
85415 6
85424 2
85439 5
85442 8
85448 4
85451 4
85462 0
85474 2
85475 0
85485 6
85500 1
85510 0
85513 10
85527 6
85528 1
85531 8
85534 0
85536 5
85551 7
85554 1
85564 5
85570 8
85579 5
85580 7
85587 2
85599 5
85609 4
85615 5
85623 1
85643 5
85662 0
85666 3
85686 1
85700 6
85719 2
85728 9
85730 8
85737 4
85745 3
85746 1
85749 1
85762 5
85764 0
85785 3
85788 3
85801 1
85802 2
85810 4
85811 8
85811 2
85814 1
85828 8
85830 6
85836 4
85839 0
85840 8
85843 6
85858 9
85863 2
85877 3
85877 0
85881 1
85881 4
85883 7
85885 3
85899 9
85901 0
85907 2
85907 0
85911 0
85915 1
85916 8
85918 1
85924 1
85925 4
85926 2
85930 5
85946 9
85959 5
85964 9
85980 3
86001 5
86013 10
86014 4
86018 5
86020 3
86027 0
86028 0
86044 6
86047 1
86047 7
86060 9
86078 8
86096 0
86113 6
86116 1
86118 2
86128 0
86138 7
86145 2
86151 4
86164 5
86168 3
86202 2
86204 5
86206 5
86211 5
86224 3
86225 4
86240 7
86252 7
86252 4
86271 4
86276 9
86284 2
86285 7
86291 4
86294 8
86300 7
86303 2
86327 3
86371 2
86388 9
86396 0
86405 2
86409 8
86414 3
86424 9
86426 2
86446 10
86447 10
86461 5
86465 5
86467 3
86488 3
86490 4
86494 8
86502 8
86504 9
86508 4
86517 5
86524 9
86533 9
86534 10
86538 0
86541 10
86543 2
86555 4
86560 1
86564 7
86570 7
86575 2
86580 6
86586 6
86619 0
86621 10
86624 9
86628 8
86634 3
86637 8
86639 8
86643 5
86644 10
86652 6
86661 6
86681 9
86694 4
86704 9
86708 7
86719 9
86732 8
86735 6
86740 8
86754 3
86792 5
86794 10
86795 10
86801 10
86814 2
86819 3
86824 3
86825 0
86830 6
86833 7
86834 7
86846 7
86863 1
86864 1
86864 0
86881 6
86891 2
86902 5
86905 6
86920 4
86925 1
86926 1
86932 8
86936 2
86952 4
86992 1
87004 6
87008 1
87028 5
87034 1
87042 4
87042 10
87050 10
87051 9
87055 2
87059 6
87067 5
87076 3
87078 4
87098 4
87110 7
87112 1
87114 0
87120 3
87128 6
87129 0
87140 7
87147 0
87150 7
87173 0
87181 2
87188 8
87208 8
87218 9
87220 10
87243 2
87244 9
87246 2
87268 5
87276 0
87289 6
87292 2
87301 3
87306 10
87314 10
87323 3
87327 9
87332 4
87352 10
87355 6
87359 0
87362 6
87375 8
87387 0
87399 5
87402 4
87424 7
87432 8
87453 3
87475 0
87490 10
87507 3
87507 7
87524 2
87537 4
87538 10
87545 1
87546 9
87552 7
87558 0
87580 10
87581 1
87584 7
87595 8
87599 4
87599 6
87608 4
87611 7
87620 9
87645 4
87650 7
87651 3
87651 7
87656 5
87663 6
87669 10
87671 3
87672 1
87678 6
87692 9
87696 0
87697 1
87716 7
87716 1
87720 9
87721 9
87723 3
87725 8
87725 2
87728 7
87731 4
87783 6
87791 4
87799 7
87833 3
87866 2
87869 8
87871 3
87876 3
87885 5
87890 7
87892 2
87892 10
87893 8
87894 9
87897 2
87897 7
87906 2
87919 1
87919 2
87923 3
87926 9
87934 0
87943 4
87950 4
87965 6
87971 2
87977 6
87978 1
87982 5
87987 2
87992 7
87993 2
87996 4
88003 0
88004 0
88008 10
88017 5
88019 8
88029 9
88036 4
88038 9
88044 0
88057 4
88058 3
88060 0
88070 6
88093 6
88117 1
88120 7
88121 3
88132 6
88146 5
88149 1
88159 9
88174 1
88187 10
88200 3
88206 10
88206 1
88211 6
88225 2
88231 7
88238 0
88241 8
88247 0
88258 9
88259 0
88275 1
88278 5
88301 0
88304 5
88316 6
88321 0
88324 10
88330 5
88339 2
88357 2
88381 9
88397 9
88406 3
88408 1
88411 4
88420 4
88420 2
88422 3
88432 7
88456 2
88456 5
88461 7
88477 7
88497 7
88508 8
88510 8
88515 5
88523 5
88532 2
88550 5
88555 3
88557 9
88559 6
88579 4
88586 3
88593 10
88603 10
88635 4
88650 1
88654 5
88657 3
88708 6
88725 10
88729 2
88730 1
88730 10
88735 10
88738 2
88743 8
88754 6
88762 5
88773 5
88776 3
88776 1
88781 0
88781 1
88792 5
88803 0
88805 9
88809 8
88817 5
88820 0
88827 2
88847 9
88852 5
88854 0
88857 4
88871 10
88877 3
88885 0
88888 3
88902 1
88905 4
88918 10
88941 2
88965 2
89000 4
89004 7
89014 0
89027 4
89031 10
89042 2
89056 9
89084 9
89089 5
89105 5
89112 8
89115 1
89123 10
89147 0
89152 3
89164 2
89174 5
89182 0
89183 7
89202 5
89221 7
89224 9
89226 8
89242 9
89251 7
89253 6
89261 5
89265 4
89267 2
89269 0
89282 10
89286 9
89286 8
89289 8
89299 3
89306 7
89313 8
89314 8
89315 6
89322 3
89335 3
89336 0
89369 6
89387 5
89397 10
89411 4
89414 6
89429 7
89430 10
89434 7
89438 10
89440 4
89444 3
89458 2
89496 10
89497 8
89498 10
89522 1
89525 1
89527 4
89536 1
89548 0
89549 10
89567 10
89573 0
89594 1
89600 1
89605 6
89609 8
89622 8
89623 8
89626 5
89627 8
89640 6
89647 5
89658 10
89670 0
89674 8
89674 5
89681 9
89693 8
89693 0
89694 8
89694 9
89706 9
89706 10
89707 7
89708 6
89709 2
89728 7
89733 9
89743 0
89744 9
89752 9
89773 4
89773 2
89774 10
89786 1
89790 8
89791 1
89801 4
89803 2
89804 0
89833 1
89843 10
89846 4
89847 0
89847 3
89859 5
89867 0
89872 6
89875 1
89878 6
89891 5
89897 2
89904 9
89930 0
89931 4
89941 2
89953 8
89953 1
89955 5
89957 2
89957 4
89974 6
89981 1
89995 5
90020 2
90027 1
90032 1
90033 0
90039 3
90051 8
90051 10
90064 8
90066 1
90073 8
90074 0
90089 0
90095 7
90097 3
90112 10
90115 5
90116 10
90118 0
90119 2
90134 10
90143 1
90148 10
90151 1
90155 10
90155 8
90161 1
90164 8
90168 7
90176 8
90185 1
90188 0
90192 0
90197 8
90212 4
90216 2
90217 4
90217 5
90225 6
90239 1
90242 5
90254 7
90264 10
90285 3
90299 2
90307 1
90310 3
90319 4
90328 0
90330 3
90350 5
90369 2
90386 2
90396 0
90410 6
90412 10
90419 2
90425 3
90425 7
90434 9
90436 0
90447 1
90449 5
90460 2
90468 1
90471 4
90487 10
90513 6
90514 7
90517 9
90534 5
90540 10
90544 5
90548 8
90549 7
90561 6
90564 7
90565 2
90569 10
90576 8
90577 10
90578 6
90582 5
90588 0
90592 2
90603 0
90607 4
90607 2
90618 1
90624 3
90655 7
90659 4
90665 5
90673 4
90682 10
90683 6
90687 0
90690 7
90697 9
90699 3
90700 6
90703 2
90708 2
90709 4
90721 0
90728 7
90733 2
90745 1
90748 2
90757 10
90763 7
90769 6
90769 4
90769 9
90778 4
90784 4
90787 4
90803 5
90815 5
90829 5
90830 2
90832 3
90833 9
90836 3
90848 8
90855 10
90869 0
90870 1
90880 4
90885 5
90900 2
90900 1
90911 0
90922 8
90926 3
90942 4
90947 5
90952 6
90997 7
91012 0
91014 0
91016 7
91017 9
91023 4
91027 3
91033 1
91038 3
91039 3
91042 4
91050 10
91051 2
91062 2
91070 1
91074 3
91082 1
91120 9
91136 5
91143 8
91150 0
91153 10
91162 0
91165 3
91180 2
91182 7
91188 6
91190 10
91191 4
91192 10
91214 0
91215 5
91217 6
91242 0
91250 4
91264 4
91264 6
91265 0
91270 0
91292 3
91293 8
91296 4
91301 9
91306 2
91306 1
91309 0
91312 0
91324 10
91330 2
91332 4
91359 5
91370 5
91381 8
91392 10
91397 5
91399 3
91404 1
91405 7
91415 2
91435 3
91435 7
91468 8
91479 9
91485 3
91505 2
91511 2
91522 5
91523 2
91533 4
91543 5
91544 9
91549 8
91553 4
91566 2
91574 3
91579 6
91636 4
91638 9
91641 4
91642 0
91642 2
91646 3
91659 8
91669 9
91677 9
91679 1
91680 6
91683 9
91701 2
91713 7
91725 6
91728 10
91728 7
91731 2
91745 1
91746 10
91747 10
91749 6
91770 4
91820 2
91838 3
91846 5
91852 5
91855 6
91855 1
91856 0
91859 5
91863 7
91879 7
91886 8
91889 0
91900 8
91907 3
91938 9
91946 2
91948 7
91967 7
91973 1
91987 5
91997 6
92004 1
92007 8
92014 5
92026 8
92026 4
92032 9
92045 5
92050 8
92086 5
92090 2
92101 10
92121 1
92128 4
92131 2
92155 3
92158 8
92171 8
92185 1
92206 1
92214 3
92229 4
92230 9
92233 4
92237 4
92241 3
92245 8
92254 5
92255 1
92266 7
92310 0
92311 1
92317 0
92350 5
92356 5
92372 0
92383 8
92386 1
92391 8
92402 9
92409 8
92409 7
92416 1
92417 10
92417 5
92435 2
92440 5
92446 2
92456 3
92458 9
92460 7
92465 5
92466 4
92472 1
92476 9
92480 4
92489 1
92498 0
92517 8
92526 1
92546 7
92554 9
92555 3
92576 1
92577 2
92585 1
92593 1
92595 10
92602 8
92604 3
92618 9
92624 0
92635 1
92644 8
92652 10
92661 3
92672 10
92672 0
92673 8
92675 3
92708 1
92728 5
92733 10
92745 4
92755 2
92756 7
92785 9
92798 7
92805 2
92825 7
92847 8
92853 2
92858 8
92861 4
92863 2
92878 2
92892 3
92895 10
92904 2
92907 10
92914 6
92916 8
92918 2
92934 9
92963 7
92963 3
92965 1
92967 5
92969 8
92976 9
92978 6
92978 7
92983 2
92986 0
92994 0
92995 1
92995 6
92998 3
93002 7
93027 4
93038 6
93050 10
93063 8
93064 9
93067 6
93067 4
93072 7
93078 9
93082 7
93093 1
93096 3
93097 0
93121 2
93134 2
93146 9
93147 0
93154 9
93157 7
93158 10
93181 4
93184 5
93187 2
93201 6
93206 3
93211 8
93211 5
93212 10
93214 9
93217 4
93219 5
93231 7
93241 7
93244 4
93245 2
93254 5
93255 4
93258 4
93288 5
93302 10
93314 1
93319 7
93324 1
93341 1
93354 5
93370 1
93371 10
93379 1
93380 2
93406 8
93415 4
93428 4
93432 6
93443 10
93443 4
93448 7
93449 8
93453 4
93454 8
93464 9
93465 7
93467 8
93470 5
93479 4
93480 7
93489 8
93499 3
93503 0
93511 2
93527 9
93542 2
93550 8
93555 1
93562 5
93567 10
93568 8
93583 10
93583 7
93602 0
93620 6
93626 1
93630 7
93636 5
93662 10
93665 7
93665 4
93692 0
93696 8
93704 9
93708 2
93733 1
93738 9
93739 8
93746 8
93749 6
93765 0
93771 6
93782 10
93783 1
93792 6
93793 8
93819 6
93821 7
93878 1
93890 7
93891 9
93894 1
93900 7
93924 9
93924 7
93927 7
93929 4
93962 4
93987 3
93988 10
93998 6
94004 8
94011 9
94014 6
94019 6
94029 1
94042 2
94046 4
94049 6
94054 2
94056 9
94077 8
94083 0
94098 5
94108 0
94115 3
94117 9
94118 5
94129 7
94131 8
94132 1
94135 8
94145 7
94149 4
94153 6
94156 7
94161 7
94162 0
94173 7
94188 8
94190 2
94207 5
94207 2
94210 9
94217 0
94218 10
94226 6
94236 7
94236 1
94255 10
94256 5
94259 4
94266 8
94268 6
94284 7
94302 9
94320 0
94323 8
94329 9
94359 3
94389 4
94393 7
94396 5
94397 0
94414 8
94428 4
94429 9
94433 9
94447 3
94451 10
94451 7
94474 0
94475 7
94488 3
94503 5
94526 0
94526 6
94539 5
94543 0
94545 1
94567 1
94569 8
94572 3
94618 0
94619 1
94637 6
94645 3
94646 7
94647 9
94654 9
94658 10
94662 4
94664 8
94673 1
94678 8
94687 3
94689 0
94691 6
94707 5
94711 2
94716 2
94723 5
94726 2
94735 6
94743 6
94749 1
94777 2
94791 0
94805 6
94809 10
94810 0
94813 6
94820 3
94826 8
94838 0
94840 2
94841 4
94847 1
94849 8
94849 2
94856 6
94858 4
94861 3
94861 4
94881 2
94897 6
94909 9
94909 8
94914 5
94915 1
94928 9
94932 1
94965 5
94971 7
94973 0
94974 7
95011 9
95016 0
95027 1
95029 8
95052 4
95055 7
95059 0
95070 4
95073 7
95086 1
95099 3
95109 5
95115 5
95121 6
95157 1
95158 1
95161 10
95161 8
95162 8
95179 10
95193 9
95196 2
95196 7
95218 9
95229 1
95230 4
95237 10
95256 6
95258 2
95259 10
95263 10
95263 7
95273 4
95282 6
95285 2
95291 4
95315 8
95340 0
95345 8
95348 4
95354 4
95358 8
95370 3
95390 4
95391 4
95400 7
95420 5
95440 4
95444 1
95450 10
95450 2
95451 4
95454 8
95470 1
95477 6
95479 7
95481 8
95494 6
95495 10
95505 3
95505 8
95513 1
95516 10
95525 0
95533 3
95537 1
95564 5
95585 2
95595 6
95598 4
95633 8
95641 8
95653 3
95669 9
95696 7
95704 5
95712 4
95723 5
95727 1
95745 7
95775 1
95777 6
95778 3
95778 7
95792 8
95795 10
95814 1
95816 1
95832 10
95846 6
95850 2
95861 1
95878 5
95879 0
95880 10
95886 5
95900 5
95903 4
95923 6
95936 10
95968 2
95978 9
95995 10
95997 2
96007 3
96008 10
96019 6
96030 3
96033 4
96038 1
96062 4
96072 1
96074 8
96080 8
96081 7
96090 9
96090 10
96101 7
96105 4
96119 9
96122 1
96123 8
96135 8
96136 3
96154 4
96156 6
96165 1
96177 9
96178 0
96179 1
96189 0
96206 4
96219 7
96244 4
96248 7
96267 7
96268 4
96285 6
96296 6
96301 9
96304 1
96308 8
96312 3
96323 6
96324 4
96325 8
96334 2
96334 1
96334 3
96345 7
96346 5
96361 3
96362 4
96418 1
96444 8
96451 5
96461 8
96462 9
96469 6
96471 3
96471 9
96478 10
96480 2
96502 1
96511 0
96516 6
96526 5
96528 0
96530 2
96537 8
96541 7
96543 1
96547 1
96554 7
96558 1
96583 2
96586 10
96595 2
96596 3
96597 8
96602 6
96619 0
96642 9
96644 6
96644 0
96651 1
96652 0
96653 6
96668 7
96678 5
96679 1
96682 9
96684 8
96712 5
96724 6
96737 6
96741 8
96750 4
96761 6
96770 3
96783 5
96793 5
96811 6
96825 10
96831 7
96839 4
96850 6
96855 3
96859 7
96870 4
96871 10
96873 6
96894 4
96897 7
96911 8
96913 7
96913 3
96925 6
96931 10
96941 9
96959 0
96962 7
96968 0
96968 6
96972 10
96978 2
96984 7
96985 3
97017 0
97026 8
97029 6
97031 7
97046 3
97061 8
97083 5
97102 3
97112 8
97115 7
97120 5
97128 9
97132 2
97138 0
97169 1
97174 9
97181 4
97188 1
97188 5
97193 0
97196 1
97203 7
97206 4
97208 9
97229 6
97242 6
97243 0
97244 1
97244 7
97252 10
97265 3
97268 2
97272 7
97275 1
97291 10
97318 9
97319 2
97346 6
97365 2
97371 1
97390 7
97393 3
97403 6
97406 4
97411 10
97413 4
97415 0
97420 7
97433 6
97434 7
97436 0
97457 5
97472 6
97488 10
97488 6
97504 1
97519 0
97525 0
97529 9
97532 5
97543 4
97547 8
97552 0
97554 2
97575 3
97578 6
97579 10
97612 7
97627 4
97629 9
97629 5
97637 6
97638 1
97641 5
97642 9
97645 9
97688 1
97707 9
97711 9
97713 0
97714 1
97715 6
97735 3
97741 5
97750 5
97752 10
97756 5
97762 4
97767 10
97769 7
97799 9
97801 0
97810 10
97826 0
97832 9
97837 3
97848 9
97849 2
97859 0
97863 1
97870 2
97872 1
97877 4
97887 6
97901 4
97905 7
97909 10
97912 3
97923 1
97923 6
97924 4
97939 3
97944 6
97946 8
97947 4
97947 8
97949 8
97954 6
97980 6
98018 9
98021 0
98025 4
98029 0
98029 5
98029 4
98036 5
98049 1
98052 2
98089 8
98091 10
98100 2
98103 10
98141 4
98146 9
98146 5
98149 7
98156 7
98182 9
98189 0
98191 4
98197 7
98221 1
98225 5
98228 0
98230 4
98232 3
98247 10
98256 2
98269 2
98277 5
98283 9
98299 4
98306 1
98309 5
98318 0
98319 2
98341 7
98350 2
98354 3
98357 5
98363 1
98363 2
98367 9
98370 10
98379 6
98383 3
98386 3
98395 3
98400 1
98407 4
98419 4
98422 2
98423 0
98440 7
98444 5
98454 5
98461 8
98470 7
98488 5
98489 7
98544 9
98555 2
98575 6
98583 3
98585 8
98586 5
98595 10
98614 5
98617 8
98621 8
98628 10
98629 10
98635 5
98645 9
98646 0
98657 5
98665 1
98674 10
98690 8
98693 6
98694 10
98709 7
98713 7
98725 0
98727 3
98731 9
98740 8
