3000
11
2973

14 9
69 0
109 6
150 4
174 3
210 6
211 7
223 7
236 3
249 7
250 1
254 0
275 9
386 8
401 8
406 10
420 10
424 8
468 8
487 7
540 4
635 3
683 5
703 8
713 5
723 8
772 9
799 6
836 2
865 1
954 9
960 3
966 9
972 9
979 4
997 0
1034 2
1038 0
1096 7
1204 6
1238 2
1272 4
1421 6
1425 4
1427 1
1462 1
1510 6
1582 1
1606 4
1609 7
1661 5
1723 8
1734 10
1750 2
1806 9
1830 10
1840 0
1842 3
1853 0
1890 7
1916 7
1918 1
1959 9
2081 6
2086 8
2118 1
2142 7
2174 6
2193 2
2195 3
2258 2
2261 0
2276 9
2281 9
2322 6
2364 2
2402 2
2403 9
2420 10
2518 10
2553 8
2578 1
2598 0
2655 4
2683 7
2734 6
2836 2
2880 10
2926 5
2953 2
2962 5
3014 1
3033 3
3059 5
3097 8
3107 7
3135 9
3145 4
3181 10
3187 0
3204 0
3240 0
3269 6
3375 1
3393 9
3397 5
3407 2
3415 2
3428 9
3458 1
3516 9
3652 7
3677 2
3729 7
3731 8
3781 8
3791 3
3800 4
3838 5
3851 4
3877 3
3913 6
3920 0
3928 4
3938 3
3945 0
3946 6
3960 10
4061 6
4096 2
4109 0
4125 3
4167 6
4186 0
4212 3
4306 9
4329 6
4443 7
4485 0
4513 3
4519 8
4647 10
4649 1
4699 4
4758 0
4761 3
4801 5
4802 5
4804 5
4805 3
4854 3
4909 5
4918 1
4924 2
4929 10
4944 3
4965 8
4970 5
4973 7
5022 4
5031 3
5043 2
5058 9
5100 0
5149 6
5170 9
5187 0
5255 1
5288 5
5295 0
5298 9
5338 9
5415 8
5488 6
5490 8
5518 4
5640 9
5722 1
5769 3
5790 1
5795 4
5801 8
5812 3
5830 5
5835 1
5887 9
5909 6
5999 8
6006 5
6133 7
6157 0
6188 9
6205 10
6213 1
6237 5
6247 7
6309 2
6377 7
6433 3
6518 5
6532 3
6545 2
6571 1
6572 1
6600 9
6687 3
6700 1
6712 7
6747 7
6756 5
6793 6
6802 5
6803 0
6896 7
6922 4
6927 0
6937 0
6955 3
6970 7
6972 7
6985 9
6991 5
7011 1
7070 6
7099 2
7106 0
7167 7
7243 8
7252 3
7254 9
7270 8
7293 6
7322 10
7391 10
7455 3
7459 0
7505 7
7509 0
7511 10
7532 2
7551 7
7573 2
7631 0
7677 3
7698 1
7747 10
7808 5
7858 0
7870 7
7897 6
7909 5
7956 10
7973 1
8035 4
8141 8
8163 1
8165 1
8168 0
8175 9
8202 4
8222 5
8224 5
8298 1
8304 7
8351 1
8360 10
8369 9
8386 5
8402 1
8408 0
8435 10
8483 6
8485 6
8520 2
8532 9
8558 0
8609 8
8640 8
8678 2
8786 10
8824 3
8857 6
8894 3
8895 9
8973 4
9040 7
9064 2
9133 2
9157 5
9217 3
9219 6
9258 7
9272 4
9311 2
9359 5
9370 1
9405 1
9437 2
9450 0
9489 0
9507 0
9517 5
9519 10
9550 7
9666 2
9716 6
9720 10
9728 7
9789 3
9836 1
9855 10
9901 3
9929 5
9962 0
9977 5
10094 1
10134 3
10135 4
10252 6
10282 2
10291 6
10298 7
10300 0
10307 7
10407 7
10417 5
10482 7
10562 10
10686 4
10732 7
10739 5
10753 10
10764 9
10773 9
10816 4
10838 9
10880 1
10888 3
10897 3
10903 7
10962 0
11091 3
11134 5
11151 6
11189 5
11193 8
11221 8
11222 2
11260 8
11333 6
11335 4
11373 3
11407 1
11409 1
11527 3
11534 10
11564 2
11577 9
11845 7
11879 4
11945 3
11986 4
12095 5
12142 7
12150 9
12190 2
12244 1
12308 7
12318 5
12364 5
12414 9
12416 0
12463 6
12498 5
12519 5
12519 9
12573 1
12575 9
12658 7
12660 2
12708 2
12713 5
12716 8
12730 0
12738 3
12767 9
12780 7
12855 3
12885 9
12892 10
12943 1
12944 2
13002 2
13022 5
13074 8
13079 10
13092 7
13117 10
13124 10
13148 9
13150 2
13171 3
13189 2
13218 6
13237 8
13271 7
13334 5
13470 10
13571 7
13597 0
13616 1
13628 4
13650 0
13659 6
13752 0
13833 9
13865 9
13912 6
13931 1
13950 7
14025 0
14094 4
14103 2
14117 3
14128 10
14135 10
14164 1
14231 6
14254 3
14301 2
14307 3
14357 7
14370 10
14371 2
14392 6
14401 2
14437 2
14487 4
14493 3
14495 9
14521 0
14536 6
14547 7
14595 6
14644 8
14688 10
14778 9
14789 10
14793 7
14799 5
14804 8
14832 5
14842 9
14882 1
14899 6
14903 0
14955 5
15010 6
15024 5
15032 7
15034 10
15123 5
15208 10
15230 6
15264 8
15267 3
15282 9
15283 5
15286 1
15288 2
15321 9
15394 3
15437 1
15491 8
15493 6
15506 5
15528 3
15582 5
15599 5
15605 10
15680 10
15693 2
15699 1
15721 0
15749 10
15751 4
15755 5
15773 5
15809 8
15837 3
15852 3
15868 3
15874 6
15890 9
15892 5
15959 2
15993 9
16002 3
16032 2
16051 7
16073 10
16091 8
16101 7
16122 10
16170 3
16194 3
16217 5
16226 2
16242 3
16256 6
16298 0
16338 2
16392 5
16467 8
16499 4
16521 10
16528 2
16547 5
16551 6
16618 1
16659 7
16685 0
16702 10
16709 5
16730 3
16816 7
16868 1
16873 0
16898 1
16963 6
16969 2
16974 3
17015 5
17017 10
17026 7
17032 2
17064 2
17077 8
17106 2
17131 9
17137 2
17149 9
17174 4
17195 6
17208 6
17226 1
17346 0
17394 0
17408 7
17417 5
17430 2
17464 7
17472 4
17519 7
17531 5
17542 8
17603 8
17606 3
17624 6
17668 4
17696 6
17759 7
17838 3
17839 10
17841 6
17847 2
17853 3
17859 9
17860 0
17873 8
18000 4
18004 6
18054 8
18073 10
18203 8
18220 8
18233 10
18252 8
18282 7
18289 3
18292 0
18298 3
18301 10
18389 7
18417 2
18477 5
18511 5
18538 0
18635 8
18654 7
18658 10
18775 9
18837 4
18935 3
18963 5
19012 7
19021 0
19024 8
19046 5
19051 1
19110 8
19167 10
19201 0
19274 8
19302 9
19319 0
19331 1
19344 0
19358 5
19360 0
19410 1
19445 9
19630 9
19694 2
19741 1
19756 4
19815 6
19841 2
19856 7
19861 1
19898 10
19926 8
19964 8
20000 7
20113 2
20146 3
20159 9
20180 0
20190 1
20209 7
20256 8
20259 10
20266 2
20287 7
20292 7
20303 5
20311 0
20314 4
20459 10
20468 2
20568 1
20603 7
20605 9
20644 8
20744 2
20761 8
20778 3
20796 10
20805 10
20811 0
20822 4
20862 8
20947 8
20988 8
21059 0
21078 8
21106 9
21142 1
21144 4
21230 3
21281 4
21296 7
21303 6
21310 2
21338 7
21362 3
21407 9
21411 1
21413 2
21425 1
21444 4
21454 0
21464 4
21483 6
21484 4
21520 9
21523 1
21526 3
21536 10
21594 4
21636 5
21666 1
21673 7
21704 6
21759 2
21804 3
21809 0
21843 2
21846 4
21886 9
21899 4
21968 5
21976 5
22051 6
22117 7
22139 3
22148 5
22214 7
22235 4
22239 5
22248 10
22361 7
22396 0
22407 3
22413 1
22429 1
22498 10
22513 2
22518 6
22571 0
22595 10
22631 2
22752 7
22776 5
22836 10
22841 9
22874 7
22904 6
22955 8
22977 1
22980 7
23043 9
23050 1
23052 8
23058 4
23107 10
23199 4
23206 5
23214 6
23247 4
23285 2
23308 8
23389 1
23397 8
23585 7
23599 4
23618 1
23665 8
23712 5
23723 2
23742 8
23756 3
23840 8
23863 4
23867 9
23908 8
24039 3
24048 7
24051 4
24054 1
24063 2
24067 5
24070 8
24081 5
24090 4
24126 7
24155 2
24163 10
24182 6
24194 5
24214 0
24214 10
24238 6
24241 0
24278 10
24283 5
24321 4
24330 4
24377 7
24381 2
24434 0
24457 10
24478 9
24485 7
24527 2
24535 3
24541 8
24553 5
24583 4
24597 5
24620 4
24647 2
24652 7
24682 0
24694 4
24766 3
24810 0
24813 7
24818 1
24820 1
24829 1
24835 5
24876 2
24901 3
24958 4
24963 8
25011 1
25102 9
25198 2
25424 2
25468 1
25503 0
25517 4
25620 7
25656 2
25699 6
25720 0
25765 9
25785 9
25813 3
25822 1
25829 1
25872 8
25879 5
25915 5
25951 2
25960 4
25961 4
26051 5
26080 2
26146 10
26157 0
26221 9
26247 2
26249 6
26253 0
26293 2
26322 0
26346 6
26417 0
26423 6
26426 1
26454 3
26461 10
26510 6
26557 8
26592 6
26661 9
26670 2
26683 9
26704 1
26712 5
26726 2
26760 4
26808 0
26810 6
26840 4
26949 0
26986 3
27078 0
27119 6
27123 1
27144 10
27180 5
27195 0
27210 1
27246 7
27318 4
27332 9
27424 2
27426 6
27643 8
27677 5
27746 10
27749 2
27790 5
27799 4
27843 2
27894 9
27938 7
27947 10
27967 3
27993 2
28011 5
28028 1
28053 4
28077 10
28157 6
28195 4
28216 9
28219 4
28263 2
28267 2
28278 3
28341 1
28412 6
28444 10
28500 4
28567 3
28584 2
28599 1
28642 9
28645 8
28694 1
28721 7
28793 4
28897 3
28919 5
28988 3
29063 7
29077 9
29077 8
29146 6
29148 8
29159 7
29200 4
29278 1
29312 9
29335 2
29364 1
29372 2
29380 10
29407 10
29428 8
29441 7
29451 6
29483 9
29533 4
29540 3
29607 9
29643 2
29698 5
29712 9
29716 7
29734 8
29753 6
29786 4
29787 1
29810 10
29837 6
29948 6
29950 7
29964 3
29970 0
29989 7
30016 2
30104 5
30114 3
30178 3
30330 9
30344 7
30358 8
30396 0
30453 10
30578 1
30587 7
30616 8
30657 8
30666 3
30710 7
30718 9
30782 0
30811 4
30812 4
30813 9
30907 3
30915 7
30936 7
30978 8
31121 7
31127 9
31173 3
31214 10
31239 9
31241 1
31264 6
31289 3
31292 3
31304 6
31313 5
31335 6
31386 9
31389 2
31501 8
31505 5
31529 5
31546 1
31550 5
31561 1
31593 8
31606 9
31648 2
31649 0
31699 8
31800 1
31892 2
31919 10
31927 0
31932 8
32004 10
32008 5
32017 6
32035 9
32055 1
32057 5
32092 9
32117 10
32202 7
32217 4
32245 5
32250 3
32260 10
32356 3
32358 6
32412 9
32420 9
32423 0
32432 3
32436 3
32500 9
32510 1
32540 2
32563 8
32568 2
32635 8
32647 0
32722 5
32757 9
32760 6
32767 4
32833 2
32846 4
32855 0
33003 3
33142 6
33144 8
33218 6
33271 8
33271 2
33280 6
33291 4
33337 8
33416 1
33450 4
33451 5
33483 5
33539 10
33546 3
33575 2
33582 5
33593 4
33601 0
33604 1
33605 2
33783 1
33792 4
33816 7
33843 8
33849 5
33850 7
33906 6
33912 2
33937 7
33942 6
33960 0
33983 10
34018 3
34043 8
34052 5
34104 0
34111 2
34129 9
34135 3
34139 5
34154 2
34177 4
34182 2
34191 6
34210 8
34241 1
34272 1
34275 7
34343 4
34374 3
34502 10
34557 6
34639 8
34656 0
34785 5
34882 5
34885 3
34908 1
34934 6
34981 6
35000 9
35012 10
35078 10
35212 5
35225 10
35424 8
35471 3
35494 5
35504 2
35522 4
35524 6
35524 9
35543 6
35552 6
35561 8
35672 4
35800 3
35804 10
35808 9
35857 0
35901 9
35963 9
36006 0
36061 0
36062 5
36094 8
36122 0
36168 8
36177 3
36221 3
36227 7
36245 8
36287 2
36331 5
36352 7
36356 5
36357 6
36482 7
36498 8
36518 9
36558 3
36647 2
36648 1
36681 4
36690 2
36757 9
36763 10
36789 4
36894 8
36919 8
36924 1
36946 2
36977 9
37091 1
37154 1
37171 0
37209 1
37225 0
37244 10
37259 0
37279 8
37293 7
37318 10
37535 6
37548 1
37582 6
37587 10
37593 8
37615 6
37691 8
37766 5
37886 4
37919 4
37988 5
38000 7
38011 5
38019 6
38073 1
38089 5
38126 4
38222 10
38269 8
38311 2
38355 10
38397 2
38433 10
38465 1
38480 0
38489 9
38516 3
38530 1
38551 4
38592 3
38596 10
38669 4
38732 10
38780 8
38806 1
38833 4
38836 10
38859 2
38891 8
38917 2
38993 7
39009 6
39013 10
39034 8
39056 7
39082 3
39150 8
39273 0
39308 9
39315 5
39341 9
39367 10
39463 4
39503 4
39514 10
39518 8
39531 1
39534 10
39550 4
39557 7
39590 6
39596 4
39631 8
39643 10
39680 2
39695 9
39730 5
39732 4
39749 3
39822 4
39871 3
39938 9
39964 6
40034 2
40075 9
40159 1
40162 6
40193 3
40242 6
40263 2
40301 8
40307 1
40329 2
40361 5
40397 7
40401 0
40424 7
40449 9
40484 5
40517 4
40592 0
40595 0
40599 2
40632 7
40637 1
40644 5
40655 6
40702 6
40713 8
40791 7
40804 9
40864 9
40869 2
40882 0
40897 7
40915 10
40963 1
40995 2
40996 1
41012 9
41057 0
41099 7
41141 7
41144 7
41234 6
41321 7
41330 10
41333 10
41418 10
41429 1
41434 9
41468 9
41498 4
41534 7
41547 10
41574 8
41589 1
41589 0
41611 4
41622 5
41641 8
41650 8
41656 2
41736 0
41811 3
41873 3
41910 2
41912 2
41936 5
41938 5
41940 0
41990 7
42000 1
42001 0
42012 0
42015 2
42039 6
42088 9
42145 1
42156 9
42197 10
42234 5
42303 8
42313 5
42317 1
42382 3
42390 6
42401 10
42430 7
42443 10
42456 0
42530 3
42595 6
42602 9
42609 2
42680 4
42695 1
42714 3
42735 9
42750 6
42767 7
42778 2
42841 5
42851 6
42884 4
42912 0
42933 5
42994 0
43137 1
43169 8
43174 5
43198 7
43223 2
43301 6
43335 10
43342 3
43347 9
43390 6
43397 3
43401 0
43408 5
43415 5
43437 4
43469 8
43540 7
43599 8
43638 4
43649 1
43693 10
43725 10
43760 5
43915 7
43919 8
44017 4
44028 1
44055 7
44069 10
44079 4
44097 1
44109 7
44141 4
44169 4
44210 10
44229 3
44251 3
44253 3
44315 6
44394 10
44489 6
44513 9
44534 8
44573 7
44604 6
44623 7
44646 0
44682 10
44773 6
44778 8
44787 3
44837 0
44855 9
44875 9
44888 7
44907 1
44994 6
45003 4
45059 9
45062 9
45071 1
45180 3
45201 7
45247 0
45268 2
45296 2
45317 10
45377 6
45388 4
45400 6
45407 4
45419 4
45480 9
45548 1
45559 3
45580 6
45604 9
45733 1
45778 5
45784 3
45873 6
45920 6
45970 10
45980 1
46008 10
46015 2
46045 1
46169 6
46177 4
46183 1
46213 2
46289 7
46352 1
46408 8
46439 7
46444 1
46500 9
46527 0
46557 10
46557 4
46565 9
46587 4
46601 3
46623 9
46642 9
46687 10
46699 4
46806 6
46928 1
46939 2
46984 10
47035 2
47040 7
47086 9
47114 10
47179 10
47230 7
47274 7
47320 5
47419 6
47428 5
47445 3
47458 1
47537 10
47553 8
47573 3
47613 8
47662 3
47669 2
47711 2
47776 9
47791 7
47820 8
47840 1
47848 1
47858 10
47874 9
47885 8
47914 2
47961 10
47992 5
48032 2
48045 0
48134 8
48154 5
48185 1
48201 4
48248 5
48254 2
48280 0
48283 5
48303 10
48312 2
48324 10
48356 2
48394 2
48413 7
48491 10
48504 6
48508 5
48626 3
48748 9
48765 7
48799 1
48816 10
48839 9
48850 3
48861 9
48936 0
48963 9
48979 8
48996 3
49020 6
49023 2
49048 4
49048 9
49057 7
49064 0
49082 2
49114 8
49159 0
49194 6
49218 4
49237 9
49299 5
49312 1
49321 10
49345 4
49345 8
49392 9
49404 1
49461 9
49466 6
49507 5
49523 6
49532 0
49548 7
49570 10
49580 3
49603 8
49629 2
49645 10
49718 3
49726 7
49739 8
49742 5
49789 4
49803 9
49847 3
49854 8
49856 0
49889 4
49942 0
49962 9
49971 7
50013 4
50016 3
50056 4
50075 5
50205 8
50210 3
50331 8
50357 0
50369 2
50382 5
50396 0
50431 2
50451 5
50477 1
50478 4
50550 10
50633 4
50649 9
50667 0
50693 8
50696 3
50704 1
50742 5
50753 0
50782 0
50790 9
50806 2
50840 6
50860 2
50869 3
50938 7
51026 3
51050 7
51101 4
51176 10
51184 9
51191 3
51199 7
51215 6
51222 2
51281 10
51292 6
51394 7
51400 5
51406 2
51409 10
51418 6
51427 8
51436 0
51495 9
51527 9
51535 0
51545 3
51578 7
51599 6
51603 8
51665 8
51693 7
51729 5
51803 4
51834 8
51857 8
51936 4
51940 3
52020 10
52031 9
52050 0
52077 8
52084 5
52089 5
52106 3
52116 6
52151 0
52183 6
52212 9
52235 9
52299 4
52325 0
52347 8
52400 3
52401 4
52418 10
52445 6
52479 9
52487 0
52491 2
52520 7
52522 1
52561 9
52612 5
52621 7
52661 8
52670 2
52679 4
52709 9
52753 6
52762 2
52770 1
52786 6
52795 6
52809 9
52847 6
52883 10
52956 6
52976 3
53032 1
53087 0
53132 0
53158 8
53162 7
53192 6
53206 7
53213 5
53259 4
53263 3
53274 6
53391 1
53464 7
53584 6
53603 6
53623 0
53668 1
53738 9
53764 7
53813 0
53820 1
53872 2
53919 4
53965 1
54024 9
54082 6
54101 5
54128 4
54144 5
54244 2
54253 10
54264 10
54264 2
54266 3
54318 7
54320 8
54326 7
54347 6
54406 2
54449 8
54454 1
54464 7
54550 5
54576 9
54648 1
54692 1
54711 1
54751 7
54759 5
54790 4
54899 4
54900 6
55006 2
55076 4
55081 4
55091 9
55092 4
55118 1
55128 0
55135 10
55167 1
55230 2
55267 6
55306 10
55369 4
55385 8
55387 8
55446 1
55481 8
55616 5
55647 5
55695 5
55697 8
55729 4
55729 9
55760 9
55764 7
55777 10
55856 5
55874 10
55887 9
55889 5
55897 5
55897 4
55954 5
56007 3
56008 7
56011 0
56084 3
56096 5
56144 9
56151 1
56184 0
56196 7
56252 2
56270 7
56299 10
56304 2
56307 6
56320 7
56380 2
56395 0
56402 7
56435 9
56562 6
56565 7
56608 10
56621 4
56726 0
56752 5
56812 8
56820 10
56880 1
56903 5
56911 8
56914 3
56933 6
56943 6
56946 2
56955 4
56971 6
57034 5
57049 6
57053 10
57226 3
57229 1
57297 3
57312 3
57371 7
57437 9
57438 6
57466 7
57532 3
57535 7
57561 0
57674 5
57677 10
57739 7
57746 1
57759 7
57760 9
57788 10
57797 7
57835 4
57869 8
57908 4
57949 8
57962 4
57984 10
58013 4
58026 10
58033 7
58084 2
58095 9
58125 10
58135 9
58241 2
58246 3
58277 4
58308 1
58374 7
58382 8
58397 6
58467 4
58471 10
58511 7
58616 2
58643 3
58655 9
58732 9
58750 7
58757 9
58790 7
58792 6
58833 0
58839 7
58840 10
58901 1
58918 3
58927 2
58980 9
59005 2
59038 9
59056 10
59158 10
59167 9
59172 3
59175 2
59219 1
59243 1
59295 0
59329 6
59355 0
59370 4
59376 2
59403 3
59405 5
59411 5
59411 4
59523 9
59587 4
59655 0
59658 8
59673 1
59706 7
59723 9
59735 5
59763 4
59772 4
59825 9
59827 1
59972 8
60028 9
60058 9
60138 1
60182 0
60182 10
60190 9
60202 1
60203 7
60230 4
60249 6
60337 6
60407 7
60413 6
60414 1
60466 10
60512 6
60515 10
60515 2
60530 2
60564 6
60643 0
60711 8
60724 5
60765 8
60819 4
60870 10
60882 5
60911 8
60952 6
60977 5
60982 7
61050 6
61067 3
61072 7
61079 5
61117 4
61146 8
61166 9
61190 4
61229 9
61239 6
61254 6
61277 3
61319 1
61369 1
61469 9
61565 4
61584 4
61689 2
61764 9
61799 2
61822 5
61882 1
61982 5
62001 5
62004 6
62044 8
62058 3
62079 3
62083 2
62103 1
62130 8
62176 1
62185 1
62192 3
62235 3
62243 9
62271 3
62278 5
62284 10
62285 0
62323 2
62333 2
62356 8
62458 4
62469 4
62486 1
62503 3
62514 4
62621 6
62737 0
62782 2
62864 0
62869 4
62930 2
62934 0
62950 9
62993 3
63042 1
63115 9
63158 9
63249 10
63332 1
63350 0
63363 5
63371 7
63381 4
63386 9
63404 7
63405 7
63406 5
63477 6
63478 7
63525 4
63544 4
63548 3
63566 6
63572 9
63616 7
63625 9
63721 2
63736 0
63789 8
63808 10
63859 3
64034 5
64104 0
64108 9
64152 8
64174 6
64339 0
64362 10
64407 6
64413 2
64450 9
64466 8
64564 7
64565 3
64573 4
64611 7
64728 9
64755 5
64759 4
64795 0
64818 1
64839 2
64877 0
64883 0
64914 7
64925 9
64943 4
64987 2
65005 9
65010 3
65012 1
65024 3
65088 7
65113 9
65139 5
65186 1
65219 7
65228 2
65281 3
65296 8
65309 0
65374 7
65378 0
65399 3
65420 7
65431 4
65440 9
65469 3
65484 9
65496 6
65540 8
65551 7
65578 8
65608 8
65740 1
65902 2
65973 6
66004 1
66087 3
66091 3
66147 10
66155 1
66179 9
66417 10
66421 4
66447 9
66456 0
66460 1
66528 6
66573 0
66721 8
66829 4
66939 8
66957 6
66991 5
67019 8
67054 2
67107 1
67155 8
67184 4
67269 9
67289 9
67377 6
67432 3
67474 4
67489 10
67493 6
67513 4
67530 5
67576 1
67614 5
67634 2
67655 6
67664 2
67673 0
67678 8
67796 8
67802 0
67854 2
67858 3
67863 7
67866 7
67935 2
67950 4
67985 3
68015 6
68042 10
68069 10
68169 7
68248 6
68258 5
68263 5
68270 3
68283 6
68289 7
68355 8
68370 7
68403 8
68426 0
68443 7
68445 10
68472 2
68514 9
68520 9
68559 10
68668 3
68679 6
68712 4
68749 3
68764 8
68765 3
68767 10
68770 8
68791 8
68895 0
68901 4
68988 0
68988 6
69004 10
69012 0
69058 0
69130 10
69153 5
69154 7
69169 0
69192 3
69288 4
69297 10
69305 8
69367 5
69405 10
69449 6
69538 10
69561 1
69578 0
69635 6
69662 1
69672 3
69691 1
69719 9
69726 0
69736 6
69744 6
69775 4
69807 0
69912 3
69913 4
69954 2
69992 10
70010 8
70022 10
70027 4
70040 9
70086 2
70122 8
70184 4
70211 7
70223 8
70438 0
70500 10
70524 0
70536 4
70567 9
70573 0
70623 1
70644 4
70671 8
70672 5
70698 6
70749 9
70785 1
70807 1
70842 10
70860 10
70915 9
70922 1
70932 9
71019 3
71036 8
71096 5
71123 6
71127 10
71237 6
71346 10
71375 8
71478 8
71504 4
71538 6
71543 0
71586 0
71596 8
71600 9
71610 1
71644 1
71723 0
71748 10
71803 5
71842 4
71861 1
71879 6
71903 1
71944 8
71948 3
71956 10
71991 3
72003 8
72006 5
72016 4
72037 0
72084 6
72144 9
72146 10
72160 2
72197 10
72201 2
72250 9
72326 5
72369 1
72397 8
72512 2
72514 4
72523 4
72542 0
72603 8
72608 3
72722 3
72801 2
72843 6
72853 4
72895 1
72902 6
72949 4
72986 7
73051 10
73051 1
73061 10
73103 10
73169 3
73207 3
73302 6
73322 1
73379 0
73406 5
73476 9
73507 6
73544 8
73579 6
73695 0
73718 6
73721 5
73749 4
73804 4
73854 6
73877 0
73943 0
73986 4
74001 4
74002 6
74058 9
74080 3
74087 10
74115 1
74179 0
74271 10
74297 0
74300 8
74312 2
74376 2
74404 7
74411 4
74421 10
74447 3
74473 8
74536 7
74615 1
74626 8
74640 2
74663 10
74714 9
74768 6
74772 10
74808 3
74861 5
74898 8
74926 0
74948 6
74990 0
74992 8
75001 10
75017 2
75021 10
75025 2
75047 3
75075 0
75080 3
75140 3
75230 2
75256 1
75258 10
75265 6
75276 5
75317 3
75320 6
75326 1
75331 7
75361 9
75377 0
75436 9
75440 7
75490 3
75510 2
75516 7
75602 8
75611 5
75622 1
75634 2
75699 4
75710 1
75815 9
75898 5
75903 6
75905 5
75944 7
75948 3
75973 9
75997 9
76007 3
76021 6
76045 3
76069 8
76081 1
76139 3
76231 7
76237 2
76261 5
76281 3
76341 8
76378 10
76450 8
76456 9
76458 2
76647 8
76712 9
76735 8
76762 6
76765 9
76769 6
76773 1
76839 8
76944 8
77052 0
77054 6
77087 8
77145 9
77154 2
77179 5
77201 10
77217 5
77230 8
77245 0
77265 5
77267 1
77285 1
77309 4
77375 9
77404 2
77405 9
77424 3
77433 9
77439 4
77447 6
77578 4
77611 8
77639 3
77668 10
77771 0
77795 5
77798 0
77830 0
77923 10
77933 5
77935 4
78026 4
78027 8
78036 4
78066 0
78068 6
78097 6
78148 0
78194 8
78230 9
78258 10
78295 4
78381 10
78415 9
78486 4
78537 5
78587 8
78620 8
78658 8
78721 8
78725 8
78739 5
78746 7
78805 6
78809 3
78966 4
78983 10
78990 0
79027 9
79028 6
79089 1
79099 9
79118 7
79144 6
79157 9
79186 9
79192 3
79221 8
79298 0
79302 7
79323 1
79350 8
79400 2
79418 6
79552 0
79587 0
79609 3
79645 1
79661 3
79680 6
79694 9
79725 5
79732 0
79764 10
79825 4
79866 3
79913 3
79939 7
79973 1
79984 8
79996 0
80004 1
80036 4
80053 10
80183 9
80209 6
80241 5
80296 5
80307 8
80333 6
80390 8
80422 9
80444 9
80535 6
80545 9
80656 5
80716 2
80794 4
80873 0
80974 10
80987 1
81002 10
81026 10
81093 4
81124 10
81185 1
81193 5
81197 7
81248 1
81269 0
81294 2
81302 6
81303 6
81310 10
81317 2
81326 3
81366 6
81421 2
81439 9
81480 6
81483 3
81483 7
81490 2
81519 3
81587 0
81655 1
81694 8
81696 10
81733 6
81778 5
81779 5
81816 3
81836 9
81928 4
82019 2
82021 7
82041 7
82041 2
82054 7
82080 7
82107 7
82113 6
82146 5
82150 4
82154 8
82159 3
82218 1
82218 3
82220 8
82238 10
82246 0
82260 3
82402 5
82460 2
82463 5
82525 0
82565 5
82574 7
82607 6
82647 8
82673 0
82694 10
82696 3
82738 4
82740 9
82769 3
82783 6
82874 1
82894 2
82917 5
82935 9
82944 6
82946 0
82999 9
83002 3
83013 6
83022 1
83081 7
83082 2
83216 0
83327 2
83343 4
83376 3
83423 9
83497 0
83552 1
83555 4
83604 8
83607 0
83619 5
83619 2
83647 4
83659 6
83680 3
83701 4
83720 3
83803 2
83818 1
83883 7
83923 5
83934 4
83936 8
83976 5
83985 10
84011 0
84047 6
84105 7
84107 1
84154 7
84198 0
84301 6
84325 2
84352 10
84363 0
84372 4
84382 5
84445 2
84449 3
84449 7
84515 2
84586 7
84630 7
84641 1
84657 4
84661 1
84685 4
84700 8
84769 9
84782 10
84791 6
84796 2
84804 4
84810 5
84913 5
84966 5
84980 5
85046 5
85063 8
85086 3
85096 5
85120 8
85127 4
85255 6
85266 6
85308 2
85366 10
85371 7
85485 6
85500 1
85528 1
85570 8
85599 5
85737 4
85801 1
85810 4
85811 2
85828 8
85877 3
85881 4
85907 0
85911 0
85915 1
85918 1
85959 5
85964 9
85980 3
86001 5
86014 4
86047 1
86078 8
86118 2
86202 2
86224 3
86271 4
86291 4
86294 8
86409 8
86446 10
86461 5
86467 3
86543 2
86564 7
86570 7
86575 2
86580 6
86634 3
86643 5
86644 10
86708 7
86719 9
86735 6
86754 3
86794 10
86814 2
86819 3
86863 1
86864 1
86891 2
86902 5
86926 1
86952 4
87028 5
87078 4
87112 1
87114 0
87218 9
87244 9
87246 2
87268 5
87289 6
87292 2
87301 3
87327 9
87355 6
87375 8
87584 7
87599 4
87645 4
87650 7
87651 3
87651 7
87696 0
87721 9
87725 2
87783 6
87791 4
87799 7
87866 2
87871 3
87876 3
87971 2
87992 7
87996 4
88008 10
88019 8
88093 6
88120 7
88174 1
88278 5
88304 5
88411 4
88422 3
88456 5
88515 5
88559 6
88635 4
88654 5
88730 10
88857 4
88877 3
88885 0
88888 3
89004 7
89014 0
89123 10
89224 9
89226 8
89282 10
89306 7
89313 8
89369 6
89411 4
89434 7
89548 0
89623 8
89626 5
89674 8
89693 0
89733 9
89743 0
89744 9
89752 9
89773 4
89790 8
89833 1
89846 4
89847 0
90020 2
90039 3
90097 3
90118 0
90185 1
90188 0
90239 1
90449 5
90471 4
90564 7
90576 8
90588 0
90607 2
90624 3
90659 4
90673 4
90700 6
90703 2
90733 2
90763 7
90778 4
90787 4
90830 2
90836 3
90900 1
90942 4
90947 5
91042 4
91051 2
91062 2
91082 1
91143 8
91150 0
91180 2
91182 7
91190 10
91265 0
91270 0
91306 2
91312 0
91324 10
91415 2
91435 7
91511 2
91523 2
91533 4
91549 8
91659 8
91838 3
91846 5
91900 8
91938 9
92004 1
92014 5
92026 4
92026 8
92045 5
92121 1
92155 3
92185 1
92214 3
92311 1
92356 5
92417 5
92465 5
92466 4
92489 1
92517 8
92554 9
92604 3
92644 8
92672 10
92728 5
92785 9
92798 7
92895 10
92918 2
92934 9
92963 7
92978 7
92998 3
93002 7
93038 6
93064 9
93067 4
93067 6
93078 9
93217 4
93231 7
93288 5
93379 1
93428 4
93454 8
93465 7
93479 4
93503 0
93555 1
93562 5
93568 8
93602 0
93620 6
93636 5
93665 7
93692 0
93704 9
93739 8
93783 1
93878 1
93890 7
93900 7
93924 7
94011 9
94046 4
94108 0
94135 8
94145 7
94149 4
94153 6
94156 7
94162 0
94207 5
94207 2
94218 10
94236 7
94266 8
94302 9
94329 9
94359 3
94414 8
94543 0
94567 1
94572 3
94618 0
94647 9
94664 8
94689 0
94711 2
94723 5
94735 6
94810 0
94847 1
94858 4
94861 3
94861 4
94897 6
94915 1
94932 1
94965 5
95115 5
95193 9
95196 7
95263 10
95282 6
95285 2
95315 8
95340 0
95390 4
95391 4
95400 7
95420 5
95440 4
95450 2
95479 7
95481 8
95494 6
95505 8
95516 10
95537 1
95564 5
95585 2
95633 8
95704 5
95712 4
95723 5
95816 1
95861 1
95923 6
95936 10
95978 9
95995 10
96007 3
96008 10
96030 3
96062 4
96072 1
96081 7
96105 4
96119 9
96179 1
96189 0
96206 4
96268 4
96304 1
96308 8
96323 6
96345 7
96418 1
96471 3
96516 6
96554 7
96583 2
96595 2
96596 3
96597 8
96644 6
96679 1
96750 4
96793 5
96811 6
96825 10
96859 7
96871 10
96894 4
96962 7
96978 2
97120 5
97132 2
97193 0
97203 7
97265 3
97272 7
97291 10
97319 2
97393 3
97413 4
97415 0
97488 6
97525 0
97641 5
97642 9
97645 9
97707 9
97711 9
97714 1
97750 5
97762 4
97837 3
97870 2
97877 4
97905 7
97912 3
97923 6
97924 4
97944 6
97947 8
97980 6
98025 4
98029 5
98103 10
98141 4
98146 5
98189 0
98228 0
98232 3
98256 2
98269 2
98277 5
98341 7
98354 3
98370 10
98422 2
98444 5
98461 8
98555 2
98585 8
98614 5
98635 5
98645 9
98657 5
98674 10
98709 7
