6000
11
5840

14 9
49 7
64 8
69 0
109 6
110 4
123 4
148 6
149 8
150 4
174 3
210 6
211 7
223 7
236 3
249 7
250 1
254 3
254 0
275 9
287 0
299 8
334 5
367 3
375 5
386 8
401 8
406 10
420 10
423 0
424 8
438 7
468 8
487 7
540 4
554 2
580 5
635 3
664 0
681 0
683 5
690 3
703 8
713 5
723 8
733 4
769 1
772 9
799 6
809 9
836 2
847 9
853 9
865 1
899 2
932 0
937 9
954 9
954 8
960 3
966 9
972 9
979 4
984 3
996 6
997 0
1009 2
1034 2
1038 0
1062 2
1074 7
1096 7
1125 8
1178 4
1204 6
1238 2
1249 9
1267 4
1272 4
1323 0
1342 0
1387 9
1412 9
1414 10
1421 6
1425 4
1427 1
1439 5
1462 1
1500 4
1508 3
1510 6
1577 8
1582 1
1583 1
1587 4
1606 4
1609 7
1616 9
1642 0
1661 5
1706 1
1723 8
1734 10
1750 2
1806 9
1824 10
1830 10
1840 0
1842 3
1853 0
1890 7
1916 7
1918 1
1959 9
2063 9
2081 6
2086 8
2088 3
2096 0
2106 8
2109 7
2118 1
2130 8
2142 7
2146 2
2161 8
2174 6
2184 1
2193 2
2195 3
2258 2
2261 0
2272 4
2276 9
2281 9
2303 0
2322 6
2332 8
2364 2
2402 2
2403 9
2420 10
2485 7
2518 10
2553 8
2554 8
2558 0
2578 1
2598 0
2621 10
2655 4
2683 7
2696 1
2714 7
2725 0
2726 1
2734 6
2738 3
2756 3
2770 0
2780 4
2836 2
2853 0
2880 10
2917 10
2926 5
2930 0
2953 2
2962 5
2996 5
3014 1
3023 7
3031 9
3033 3
3059 5
3063 5
3097 8
3107 7
3135 9
3145 4
3181 10
3187 0
3193 0
3204 0
3234 3
3237 7
3240 0
3269 6
3271 2
3375 1
3391 10
3393 9
3397 5
3407 2
3415 2
3421 7
3428 9
3431 9
3443 10
3458 1
3496 3
3509 5
3516 9
3547 6
3652 7
3657 6
3665 5
3677 2
3700 9
3729 7
3731 8
3781 8
3785 3
3787 10
3791 3
3800 4
3804 1
3838 5
3840 3
3851 4
3865 10
3877 3
3895 5
3913 6
3920 0
3922 3
3927 7
3928 4
3930 8
3938 3
3945 0
3946 6
3960 10
3979 10
4040 9
4057 7
4061 6
4096 2
4109 0
4119 9
4125 3
4167 6
4181 8
4186 0
4212 3
4223 6
4274 5
4293 9
4298 6
4306 9
4313 7
4319 1
4329 6
4337 2
4340 5
4354 4
4443 7
4458 3
4485 0
4503 1
4513 3
4519 8
4519 2
4524 9
4580 9
4615 7
4637 3
4647 10
4649 1
4671 4
4679 3
4699 4
4712 2
4758 0
4761 3
4762 7
4801 5
4802 5
4804 5
4805 3
4854 3
4866 5
4909 5
4918 1
4924 2
4929 10
4944 3
4950 5
4954 5
4965 8
4970 5
4973 7
4992 4
5022 4
5031 3
5035 3
5043 2
5044 1
5056 9
5058 9
5095 4
5100 0
5115 2
5149 6
5170 9
5187 0
5200 5
5206 10
5255 1
5288 5
5295 0
5298 9
5324 10
5338 9
5382 8
5415 8
5426 4
5488 6
5490 8
5498 1
5518 4
5534 10
5569 8
5587 1
5640 9
5695 2
5702 2
5722 1
5732 3
5739 6
5748 6
5759 3
5763 8
5769 3
5790 1
5795 4
5801 8
5812 3
5820 5
5830 5
5835 1
5879 0
5887 9
5909 6
5962 4
5999 8
6006 5
6022 10
6049 4
6102 7
6111 3
6133 7
6146 1
6157 0
6164 3
6188 9
6190 5
6205 10
6212 3
6213 1
6216 3
6237 5
6247 7
6287 4
6301 8
6309 2
6366 10
6377 7
6378 1
6409 2
6433 3
6458 5
6471 8
6484 10
6485 7
6488 1
6495 8
6518 5
6532 3
6545 2
6558 9
6571 1
6572 1
6600 9
6619 6
6679 2
6684 8
6687 3
6700 1
6701 5
6712 7
6714 2
6730 5
6740 7
6743 10
6747 7
6750 0
6756 5
6780 6
6784 5
6789 4
6793 6
6794 6
6802 5
6803 0
6817 3
6896 7
6897 5
6922 4
6927 0
6937 0
6955 3
6963 7
6970 7
6972 7
6985 9
6991 5
6998 4
7011 1
7070 6
7090 8
7099 2
7106 0
7115 0
7129 2
7167 5
7167 7
7226 8
7230 9
7243 8
7252 3
7254 9
7270 8
7278 8
7293 6
7296 8
7322 10
7334 0
7362 5
7370 7
7375 4
7391 10
7414 2
7415 5
7420 10
7455 3
7459 0
7505 7
7509 0
7511 10
7525 6
7532 2
7551 7
7573 2
7602 9
7631 0
7677 3
7698 1
7709 3
7730 3
7747 10
7768 3
7786 9
7808 5
7814 4
7827 4
7848 8
7858 0
7870 7
7897 6
7907 0
7909 5
7921 2
7956 10
7970 0
7973 1
8007 6
8013 1
8035 4
8037 7
8080 8
8126 0
8141 8
8163 1
8165 1
8168 0
8175 9
8202 4
8207 10
8222 5
8224 5
8268 2
8298 1
8304 7
8351 1
8360 10
8369 9
8386 5
8402 1
8408 0
8435 10
8457 4
8483 6
8485 6
8496 4
8520 2
8527 1
8532 9
8532 2
8558 0
8562 5
8577 5
8609 8
8640 8
8674 2
8678 2
8706 10
8752 4
8766 1
8786 10
8814 2
8824 3
8857 6
8868 1
8894 3
8895 9
8959 3
8973 4
8978 7
8994 1
9040 7
9064 2
9101 0
9133 2
9157 5
9168 4
9217 3
9219 6
9251 7
9254 2
9258 7
9272 4
9300 7
9311 2
9359 5
9367 7
9370 1
9370 8
9379 0
9384 9
9405 1
9430 10
9437 2
9450 0
9452 7
9456 1
9482 2
9489 0
9507 0
9509 7
9517 5
9519 10
9550 7
9601 4
9620 3
9643 9
9645 6
9666 2
9716 6
9720 10
9727 10
9728 7
9743 1
9778 3
9789 3
9810 5
9811 4
9836 1
9839 6
9853 6
9855 10
9861 6
9885 5
9901 3
9915 0
9929 5
9936 8
9945 0
9962 0
9977 5
10013 0
10017 4
10094 1
10134 3
10135 4
10137 2
10184 2
10252 6
10277 6
10282 2
10291 6
10292 2
10298 7
10300 0
10307 7
10312 0
10319 0
10325 9
10331 3
10357 7
10383 3
10407 7
10409 6
10417 5
10476 0
10482 7
10503 0
10538 0
10552 2
10562 10
10569 10
10582 5
10599 8
10652 10
10680 1
10681 10
10686 4
10730 5
10732 7
10739 5
10740 9
10753 10
10764 9
10773 9
10774 2
10780 8
10782 3
10816 4
10838 9
10880 1
10888 3
10897 3
10900 8
10903 7
10930 7
10947 2
10962 0
10972 3
10982 1
10998 3
11052 1
11062 5
11076 2
11081 5
11091 3
11134 5
11151 6
11187 7
11189 5
11193 8
11221 8
11222 2
11225 5
11232 1
11241 8
11247 0
11260 8
11262 8
11297 5
11321 9
11328 7
11333 6
11335 4
11336 4
11341 10
11373 3
11394 4
11407 1
11409 1
11527 3
11534 10
11564 2
11577 9
11643 3
11660 7
11700 10
11710 2
11752 8
11793 9
11794 3
11808 9
11826 0
11840 4
11845 7
11879 4
11916 2
11924 1
11945 3
11985 5
11986 4
12018 10
12032 8
12059 7
12095 5
12142 7
12149 4
12150 9
12190 2
12196 4
12204 10
12215 1
12217 6
12244 1
12275 0
12308 7
12318 5
12342 6
12348 4
12364 5
12393 1
12414 9
12416 0
12439 8
12459 5
12463 6
12498 5
12504 10
12519 9
12519 5
12534 8
12559 2
12573 1
12575 9
12636 8
12658 7
12660 2
12700 1
12708 2
12713 5
12716 8
12730 0
12738 10
12738 3
12767 9
12770 3
12775 5
12776 1
12780 7
12833 9
12855 3
12860 7
12885 9
12892 10
12942 3
12943 1
12944 2
12969 6
12971 7
12988 1
13002 2
13008 3
13011 2
13022 5
13030 10
13034 4
13044 3
13074 8
13079 10
13087 4
13092 7
13106 2
13111 3
13117 10
13124 10
13125 4
13148 10
13148 9
13150 2
13171 3
13176 9
13181 8
13189 2
13204 4
13210 10
13218 6
13237 8
13271 7
13302 2
13334 5
13350 1
13385 3
13388 5
13443 0
13470 10
13495 0
13540 7
13549 0
13571 7
13597 0
13616 1
13628 4
13650 0
13659 6
13670 7
13699 6
13730 2
13750 1
13752 0
13829 9
13833 9
13843 3
13865 9
13910 0
13912 6
13931 1
13950 7
13963 5
13965 4
13980 4
13981 6
14025 0
14036 2
14053 9
14073 5
14094 4
14103 2
14117 3
14128 10
14130 4
14135 10
14161 8
14164 1
14206 10
14207 3
14231 6
14239 9
14243 4
14254 3
14258 7
14260 4
14273 7
14294 10
14301 2
14307 3
14325 9
14338 1
14357 7
14370 10
14371 2
14392 6
14401 2
14437 2
14444 5
14454 3
14487 4
14493 3
14495 9
14521 0
14536 6
14537 9
14538 10
14544 4
14547 7
14572 5
14575 8
14589 0
14592 8
14595 6
14644 8
14676 2
14682 1
14688 10
14708 1
14722 6
14764 3
14778 9
14789 10
14792 7
14793 7
14799 5
14804 8
14812 4
14832 5
14839 4
14842 9
14882 1
14899 6
14903 0
14955 5
15010 6
15022 4
15024 5
15027 3
15029 2
15032 7
15034 10
15043 9
15068 3
15123 5
15150 3
15161 5
15195 6
15198 0
15208 10
15230 6
15241 8
15260 9
15264 8
15267 3
15282 9
15283 5
15286 1
15288 2
15295 8
15298 4
15321 9
15342 8
15394 3
15395 9
15434 10
15437 1
15439 4
15439 5
15440 10
15441 3
15491 8
15493 6
15495 4
15506 5
15528 3
15543 10
15567 10
15582 5
15587 4
15589 4
15599 5
15605 10
15680 10
15686 0
15693 2
15699 1
15721 0
15749 10
15751 4
15755 5
15767 10
15773 5
15809 8
15814 8
15831 8
15833 10
15837 3
15852 3
15868 3
15874 6
15890 9
15892 5
15925 0
15943 5
15959 2
15989 7
15989 0
15991 8
15993 9
16002 3
16016 10
16032 2
16037 8
16051 7
16073 10
16091 8
16098 2
16101 7
16122 10
16170 3
16194 3
16214 10
16217 5
16226 2
16242 3
16256 6
16271 4
16298 0
16319 7
16338 2
16356 0
16392 5
16467 8
16474 1
16474 2
16499 4
16521 10
16528 2
16547 5
16551 6
16597 2
16618 1
16659 7
16685 0
16702 10
16709 5
16712 5
16714 2
16724 6
16730 3
16733 7
16747 0
16793 10
16816 7
16819 3
16858 2
16868 1
16872 4
16873 0
16898 1
16949 10
16955 1
16963 6
16969 2
16974 3
17015 5
17017 10
17026 7
17032 2
17064 2
17065 0
17077 8
17104 4
17106 2
17131 9
17137 2
17149 9
17174 4
17189 3
17195 6
17206 5
17208 6
17226 1
17293 10
17300 6
17338 8
17346 0
17394 0
17408 7
17417 5
17427 9
17429 8
17430 2
17450 0
17462 8
17464 7
17472 4
17519 7
17531 5
17537 8
17542 8
17567 2
17599 5
17603 8
17606 3
17614 9
17614 2
17617 6
17624 6
17636 4
17638 8
17668 4
17677 1
17694 3
17696 6
17728 4
17741 8
17755 10
17759 7
17801 4
17829 0
17835 0
17838 3
17839 10
17841 6
17847 2
17847 7
17847 10
17853 3
17859 9
17860 0
17873 8
17888 6
17972 3
17974 0
17999 3
18000 4
18004 6
18045 1
18054 8
18073 10
18075 3
18119 3
18169 9
18171 9
18173 10
18192 10
18203 8
18220 8
18233 10
18252 8
18259 3
18271 3
18277 1
18282 7
18289 3
18289 7
18292 0
18293 9
18298 3
18301 10
18327 0
18332 6
18386 4
18389 7
18404 6
18417 2
18419 3
18475 7
18477 5
18487 4
18511 5
18538 0
18561 2
18624 1
18635 8
18636 2
18647 1
18654 7
18658 10
18694 3
18698 7
18703 5
18743 5
18758 5
18775 9
18777 6
18836 1
18837 4
18935 3
18942 7
18959 3
18963 5
18969 4
18977 7
18983 6
18998 1
19012 7
19021 0
19024 8
19046 5
19051 1
19078 4
19105 9
19110 8
19167 10
19196 6
19201 0
19264 5
19274 8
19301 6
19301 5
19302 9
19316 1
19319 0
19331 1
19338 2
19344 0
19356 10
19358 5
19360 0
19376 0
19383 2
19393 2
19397 9
19410 1
19413 9
19430 5
19445 9
19516 1
19577 5
19630 9
19630 0
19650 0
19664 6
19669 1
19694 2
19694 3
19741 1
19756 4
19815 6
19819 1
19833 0
19841 2
19856 7
19861 1
19865 1
19881 10
19898 7
19898 10
19907 4
19926 8
19949 8
19951 8
19957 3
19963 3
19964 8
19994 4
20000 7
20003 8
20009 0
20012 7
20021 10
20030 3
20100 3
20113 2
20146 3
20159 9
20180 0
20190 1
20209 7
20223 5
20256 8
20259 10
20266 2
20282 6
20287 7
20292 7
20298 5
20303 5
20311 0
20314 4
20355 10
20390 9
20449 8
20459 10
20468 2
20508 9
20523 9
20523 7
20568 1
20596 0
20603 7
20605 9
20644 8
20660 9
20671 10
20685 6
20712 9
20721 3
20744 2
20761 8
20772 8
20778 3
20796 10
20805 10
20811 0
20822 4
20862 8
20868 6
20897 7
20912 3
20947 8
20976 7
20988 8
21007 8
21019 1
21025 3
21059 0
21078 8
21080 9
21095 7
21106 9
21142 1
21144 4
21199 8
21230 3
21250 3
21281 4
21290 4
21296 7
21303 6
21310 2
21327 6
21338 7
21362 3
21390 9
21390 7
21407 9
21411 1
21413 2
21425 1
21435 2
21444 4
21454 0
21459 5
21464 4
21483 6
21484 4
21520 9
21523 1
21526 3
21528 5
21536 10
21566 7
21594 4
21595 0
21599 10
21623 1
21629 5
21631 8
21636 5
21640 1
21648 10
21666 1
21667 5
21667 8
21673 7
21704 6
21759 2
21765 7
21789 9
21804 3
21809 0
21832 10
21843 2
21846 4
21886 9
21899 4
21946 7
21949 1
21950 7
21968 5
21975 4
21976 5
21983 4
22051 6
22054 4
22113 6
22117 7
22139 3
22148 5
22162 9
22214 7
22235 4
22239 5
22241 4
22248 10
22261 5
22361 7
22381 9
22396 0
22407 3
22413 1
22416 7
22429 1
22466 4
22498 10
22513 2
22514 10
22518 6
22529 8
22549 0
22556 6
22571 0
22595 10
22604 4
22617 3
22628 8
22631 2
22752 7
22766 10
22776 5
22777 5
22831 4
22836 10
22841 9
22858 9
22874 7
22904 6
22911 5
22943 7
22952 0
22955 8
22977 1
22980 7
23001 2
23013 10
23034 5
23043 9
23050 1
23052 8
23053 9
23055 10
23058 4
23086 9
23107 10
23117 3
23131 10
23172 4
23182 1
23194 5
23199 4
23206 5
23214 6
23247 4
23274 1
23276 4
23278 3
23285 2
23308 8
23313 7
23340 4
23357 3
23389 1
23395 5
23397 8
23423 7
23429 6
23438 10
23576 0
23585 7
23599 4
23614 9
23618 1
23629 4
23664 4
23665 8
23667 6
23688 8
23692 0
23712 5
23723 2
23726 9
23739 6
23742 8
23756 3
23815 8
23831 6
23840 8
23840 3
23841 2
23850 8
23863 4
23867 9
23880 10
23900 3
23908 8
23993 6
24007 6
24039 3
24048 7
24051 4
24054 1
24063 2
24067 5
24070 8
24070 2
24081 5
24082 0
24090 4
24119 4
24126 7
24150 5
24155 2
24163 10
24168 4
24169 2
24182 6
24186 6
24194 5
24198 3
24214 0
24214 10
24230 4
24238 6
24241 0
24274 5
24278 10
24283 5
24316 3
24321 4
24322 10
24330 4
24377 7
24381 2
24434 0
24449 10
24456 6
24457 10
24478 9
24485 7
24527 2
24535 3
24541 8
24553 5
24566 8
24570 8
24572 4
24583 4
24597 5
24604 2
24609 9
24620 4
24644 10
24647 8
24647 2
24652 7
24665 2
24682 0
24694 4
24740 4
24766 3
24806 0
24810 8
24810 0
24813 7
24818 1
24820 1
24829 1
24835 5
24871 8
24876 2
24901 3
24937 7
24958 4
24959 0
24963 8
24969 3
25011 1
25027 2
25092 9
25102 9
25113 3
25128 1
25159 0
25198 2
25355 3
25365 7
25368 4
25368 2
25401 8
25424 2
25468 1
25503 0
25517 4
25553 5
25561 1
25581 5
25607 3
25620 7
25623 7
25633 10
25656 2
25693 3
25699 6
25720 0
25765 9
25769 5
25785 9
25794 3
25801 9
25813 3
25822 1
25829 1
25830 3
25853 5
25872 8
25874 1
25879 5
25902 2
25906 7
25915 5
25951 2
25960 4
25960 1
25961 4
25996 6
26002 9
26028 8
26037 6
26051 5
26078 4
26080 2
26140 5
26146 10
26147 7
26157 0
26221 9
26247 2
26248 5
26249 6
26253 0
26293 2
26296 4
26302 7
26322 0
26329 9
26346 6
26388 5
26397 4
26417 0
26423 6
26425 7
26425 1
26426 1
26454 3
26459 1
26461 10
26474 7
26492 5
26493 8
26510 6
26527 5
26545 9
26553 3
26557 8
26588 9
26592 6
26634 3
26636 1
26661 9
26668 10
26670 2
26675 5
26683 9
26693 7
26704 1
26712 5
26717 6
26723 1
26726 2
26760 4
26762 6
26767 7
26778 1
26785 1
26808 0
26810 6
26840 4
26866 1
26911 7
26914 2
26917 1
26926 3
26949 0
26968 6
26986 3
27008 10
27015 4
27027 3
27078 0
27119 6
27123 1
27144 10
27172 1
27180 5
27195 0
27210 1
27246 7
27273 0
27318 4
27322 5
27332 9
27336 5
27411 5
27424 2
27426 6
27591 1
27630 2
27637 8
27643 8
27661 1
27677 5
27696 2
27735 2
27746 10
27749 2
27754 0
27776 4
27778 8
27790 5
27799 4
27841 1
27843 2
27849 2
27871 2
27888 10
27894 9
27902 7
27912 7
27938 7
27947 10
27967 3
27978 4
27993 2
28011 5
28028 1
28030 2
28053 4
28055 0
28077 10
28095 2
28107 0
28128 8
28146 7
28157 6
28194 9
28195 4
28216 9
28219 4
28233 6
28263 2
28267 2
28278 3
28304 7
28321 4
28337 10
28341 1
28403 10
28405 5
28408 8
28412 6
28429 1
28444 10
28447 1
28489 2
28500 4
28512 1
28533 6
28540 3
28540 0
28567 3
28584 2
28599 1
28600 8
28642 9
28645 8
28650 7
28652 10
28689 2
28694 1
28694 9
28721 7
28778 6
28781 6
28793 4
28797 8
28818 9
28845 4
28846 8
28858 5
28876 4
28878 2
28896 5
28897 0
28897 3
28910 6
28913 9
28919 5
28947 3
28988 3
29063 7
29077 9
29077 8
29087 6
29119 6
29128 8
29146 6
29148 8
29159 7
29169 4
29187 10
29198 4
29200 4
29218 4
29278 1
29312 9
29335 2
29361 10
29364 1
29372 2
29378 4
29380 10
29401 5
29407 10
29428 8
29441 7
29451 6
29479 7
29483 9
29491 8
29533 4
29540 3
29592 4
29599 10
29607 9
29622 8
29626 0
29632 1
29643 2
29698 5
29705 2
29712 9
29716 7
29722 9
29734 8
29737 3
29737 4
29741 10
29753 6
29785 2
29786 4
29787 1
29810 10
29811 9
29837 6
29887 2
29907 7
29919 6
29948 6
29950 7
29964 3
29970 0
29984 9
29989 7
29999 5
30016 2
30085 4
30104 5
30105 0
30114 3
30178 3
30198 3
30209 3
30243 5
30252 0
30255 1
30285 8
30306 3
30318 5
30320 9
30330 9
30332 1
30344 7
30358 8
30373 9
30386 4
30396 0
30401 1
30446 9
30453 10
30457 10
30543 4
30546 0
30578 1
30587 7
30589 9
30611 6
30616 8
30622 4
30635 0
30657 8
30666 3
30710 7
30718 9
30762 8
30782 0
30790 2
30796 5
30810 2
30811 4
30812 4
30813 9
30824 6
30863 3
30894 4
30907 3
30915 7
30925 1
30936 7
30953 6
30957 5
30978 8
31008 1
31014 3
31024 5
31053 2
31056 10
31121 7
31127 9
31134 9
31173 3
31214 10
31239 9
31241 1
31264 6
31275 8
31289 3
31289 1
31292 3
31304 6
31313 5
31335 6
31369 0
31386 9
31388 1
31389 2
31393 7
31465 8
31497 6
31501 8
31505 5
31520 8
31529 5
31546 1
31550 5
31561 1
31593 8
31606 9
31619 5
31648 2
31649 0
31684 3
31699 8
31704 7
31707 0
31729 10
31742 8
31752 7
31780 10
31800 1
31820 9
31850 10
31857 9
31892 2
31916 4
31919 10
31927 0
31930 8
31932 8
31940 7
31955 10
31968 5
32004 10
32008 5
32017 6
32035 9
32055 1
32057 5
32067 9
32088 6
32092 9
32114 1
32117 10
32123 5
32126 3
32159 2
32202 7
32209 1
32217 4
32229 8
32245 5
32250 3
32257 0
32260 10
32261 8
32274 10
32303 4
32312 7
32344 0
32356 3
32358 6
32374 10
32394 2
32412 9
32420 9
32423 0
32432 3
32436 3
32438 5
32440 8
32450 2
32453 3
32475 2
32481 5
32486 8
32491 5
32500 9
32510 1
32540 2
32563 8
32568 2
32588 2
32590 4
32635 8
32638 9
32647 0
32697 6
32722 5
32745 5
32757 9
32760 6
32767 4
32787 10
32809 6
32814 6
32833 2
32846 3
32846 4
32855 0
32877 0
32914 8
32952 7
32960 2
32985 7
33003 3
33125 4
33131 10
33140 4
33142 6
33144 8
33146 2
33163 6
33165 3
33173 3
33196 2
33200 9
33218 6
33246 6
33259 10
33264 1
33271 2
33271 8
33280 6
33291 4
33332 0
33337 8
33413 2
33416 1
33450 4
33451 5
33475 3
33479 4
33483 5
33496 10
33526 7
33539 10
33540 0
33546 3
33549 2
33575 2
33581 6
33582 5
33593 4
33594 10
33601 0
33604 1
33605 2
33613 4
33648 6
33690 3
33703 4
33732 3
33742 5
33762 8
33783 1
33792 4
33816 7
33843 8
33847 7
33849 5
33850 7
33859 10
33870 5
33873 7
33906 6
33912 2
33937 7
33942 6
33958 10
33960 0
33983 10
34004 5
34018 3
34043 8
34052 5
34055 10
34075 3
34104 0
34111 2
34129 9
34135 3
34139 5
34141 2
34154 2
34167 7
34177 4
34180 9
34182 2
34191 6
34210 8
34235 0
34241 1
34270 9
34272 1
34272 6
34275 7
34292 4
34316 6
34343 4
34364 0
34370 2
34374 3
34432 6
34433 9
34461 0
34469 6
34475 7
34502 10
34530 1
34557 6
34577 10
34579 10
34639 8
34656 0
34714 0
34749 7
34753 3
34785 5
34809 5
34854 2
34882 5
34885 3
34908 1
34925 4
34925 8
34934 6
34934 5
34976 8
34981 6
35000 9
35012 10
35027 6
35078 10
35096 7
35101 9
35171 5
35187 9
35212 5
35215 9
35225 10
35279 10
35282 5
35299 8
35347 2
35348 8
35366 10
35405 0
35424 8
35450 7
35471 3
35478 3
35494 5
35504 2
35521 10
35522 4
35524 9
35524 6
35543 6
35552 6
35561 8
35575 10
35642 4
35672 4
35681 6
35703 4
35721 1
35723 1
35778 0
35800 3
35804 10
35808 9
35857 0
35864 4
35901 9
35911 10
35963 9
35994 5
35999 5
36003 1
36006 0
36018 10
36025 9
36061 0
36062 5
36094 8
36122 0
36168 8
36177 3
36208 10
36221 3
36227 7
36245 8
36253 9
36287 2
36287 0
36299 9
36304 9
36331 5
36352 7
36355 6
36356 5
36357 6
36358 7
36375 9
36417 10
36423 8
36475 6
36482 7
36498 8
36510 7
36518 9
36558 3
36647 2
36648 1
36681 4
36690 2
36757 9
36763 10
36767 2
36770 0
36788 2
36789 4
36876 8
36894 8
36910 8
36919 8
36924 1
36933 8
36946 2
36949 4
36950 8
36977 9
36984 10
37012 6
37038 7
37040 6
37049 1
37078 2
37088 1
37091 1
37106 4
37107 4
37115 2
37143 9
37152 4
37154 1
37171 0
37200 5
37203 10
37209 1
37225 0
37244 10
37259 0
37279 8
37285 1
37293 7
37318 10
37324 2
37327 6
37336 10
37351 3
37366 2
37388 8
37400 8
37416 1
37508 8
37515 6
37535 6
37548 1
37552 2
37553 0
37557 2
37582 6
37587 10
37593 8
37615 6
37619 6
37627 8
37632 7
37651 6
37691 8
37698 8
37719 1
37766 5
37778 1
37804 2
37834 4
37886 4
37912 3
37916 9
37918 10
37919 4
37954 7
37973 2
37988 5
38000 7
38005 2
38011 5
38019 6
38073 1
38089 5
38101 10
38126 4
38151 10
38174 1
38216 0
38222 10
38241 7
38250 3
38255 4
38269 8
38287 8
38311 2
38355 10
38360 7
38366 5
38397 2
38433 10
38465 1
38480 0
38483 8
38489 9
38510 5
38513 3
38516 3
38530 1
38551 4
38583 5
38592 3
38596 10
38620 8
38635 8
38669 4
38674 1
38683 2
38732 10
38764 2
38780 8
38797 0
38806 1
38833 4
38836 10
38856 7
38859 2
38891 8
38901 8
38902 4
38914 2
38917 2
38967 4
38993 7
39009 6
39013 10
39034 8
39053 8
39056 7
39063 8
39070 9
39082 0
39082 3
39150 8
39164 10
39188 2
39217 8
39273 0
39308 9
39315 5
39341 9
39367 10
39389 0
39463 4
39497 9
39503 4
39507 1
39514 10
39518 8
39531 1
39534 10
39546 9
39550 4
39557 7
39575 10
39590 6
39596 4
39618 3
39628 5
39631 8
39643 10
39657 8
39680 2
39695 9
39730 5
39732 4
39749 3
39760 0
39771 8
39822 4
39823 8
39825 10
39830 5
39862 9
39871 3
39907 1
39908 8
39917 0
39924 4
39938 9
39964 6
40004 9
40034 2
40073 9
40075 0
40075 9
40141 1
40151 6
40159 1
40162 6
40193 3
40204 6
40209 0
40242 6
40263 2
40272 9
40292 7
40301 8
40307 1
40329 2
40361 5
40397 7
40401 0
40424 7
40449 9
40484 5
40517 4
40563 4
40572 8
40581 10
40587 4
40592 0
40595 0
40599 2
40614 1
40632 7
40637 1
40644 5
40655 6
40667 0
40672 3
40693 2
40702 6
40713 8
40714 7
40741 1
40791 7
40804 9
40826 6
40856 4
40864 9
40869 2
40882 0
40897 7
40906 5
40915 10
40963 1
40971 0
40973 6
40980 4
40981 8
40988 6
40995 2
40996 1
41012 9
41025 4
41030 8
41039 3
41057 0
41061 5
41080 7
41099 7
41126 3
41141 7
41144 7
41153 10
41180 2
41182 6
41188 4
41193 7
41205 3
41229 3
41234 6
41258 1
41271 0
41277 4
41296 0
41305 5
41321 7
41326 5
41326 0
41330 10
41332 1
41333 10
41375 10
41418 10
41429 1
41434 9
41436 5
41468 9
41469 1
41488 9
41498 4
41513 10
41529 9
41531 7
41534 7
41536 3
41547 10
41574 8
41589 1
41589 0
41611 4
41622 5
41641 8
41650 8
41656 2
41663 2
41704 8
41736 0
41739 0
41741 2
41745 7
41745 10
41790 6
41809 3
41811 3
41863 7
41873 3
41887 6
41910 2
41912 2
41934 6
41936 5
41938 5
41940 0
41990 7
42000 1
42001 0
42011 5
42012 0
42015 2
42018 8
42039 6
42047 5
42088 9
42091 3
42098 9
42128 3
42145 1
42156 9
42197 0
42197 10
42232 1
42234 5
42298 10
42303 8
42309 0
42313 5
42317 1
42342 1
42344 9
42349 6
42382 3
42390 6
42401 10
42414 1
42415 2
42430 7
42443 10
42456 0
42530 3
42595 6
42601 6
42602 9
42608 4
42609 2
42615 5
42679 8
42680 4
42695 1
42714 3
42717 9
42735 9
42750 6
42760 7
42767 7
42774 3
42778 2
42815 0
42841 5
42851 6
42857 6
42875 3
42884 4
42912 0
42914 4
42933 5
42957 6
42984 9
42984 4
42994 0
43049 10
43052 0
43074 7
43082 9
43099 6
43123 4
43137 1
43169 8
43174 5
43198 7
43223 2
43293 3
43301 6
43335 10
43342 3
43347 9
43355 0
43390 6
43396 3
43397 3
43401 0
43408 5
43415 5
43437 4
43469 8
43512 7
43529 5
43540 7
43560 10
43584 7
43599 8
43624 10
43638 4
43649 1
43693 10
43697 3
43725 10
43760 5
43761 6
43771 8
43793 0
43799 5
43802 8
43806 9
43869 2
43915 7
43919 8
43920 8
43949 4
43972 9
43977 4
43980 0
43981 8
43982 6
44017 4
44028 1
44047 3
44048 2
44055 7
44069 10
44079 4
44084 8
44097 1
44109 7
44141 4
44149 1
44156 2
44169 4
44176 2
44210 10
44229 3
44251 3
44253 3
44272 5
44296 8
44315 6
44371 1
44389 3
44394 10
44432 8
44489 6
44511 5
44513 9
44534 8
44573 7
44592 6
44604 6
44605 4
44623 7
44624 1
44646 0
44650 6
44682 10
44683 3
44773 6
44778 8
44787 3
44816 3
44837 0
44852 10
44852 2
44855 9
44875 9
44888 7
44907 1
44994 6
45003 4
45059 9
45062 9
45071 1
45180 3
45201 7
45205 2
45247 0
45268 2
45296 2
45317 10
45377 6
45388 4
45400 6
45403 0
45407 4
45419 4
45420 9
45449 1
45480 9
45495 5
45528 4
45548 1
45559 3
45561 6
45580 6
45589 4
45604 9
45614 5
45617 8
45619 10
45640 3
45644 1
45669 3
45673 1
45703 8
45733 1
45738 8
45741 5
45778 5
45784 3
45792 7
45808 0
45815 2
45852 2
45853 8
45873 6
45895 1
45920 6
45970 10
45973 5
45980 1
45985 4
45988 1
45998 4
46008 10
46015 2
46045 1
46110 3
46166 4
46169 6
46177 4
46180 1
46183 1
46213 2
46270 7
46280 2
46289 7
46352 1
46376 5
46402 7
46408 8
46438 0
46439 7
46441 4
46444 1
46447 2
46448 4
46500 8
46500 9
46512 2
46525 8
46527 0
46557 4
46557 10
46562 4
46565 9
46569 3
46573 4
46582 4
46583 9
46587 4
46601 3
46623 9
46642 9
46643 9
46687 10
46694 9
46699 4
46737 5
46783 10
46794 0
46806 6
46836 2
46838 2
46859 2
46908 9
46928 1
46932 1
46934 0
46939 2
46950 6
46968 8
46984 10
47018 6
47027 0
47035 2
47040 7
47056 4
47079 1
47086 9
47114 10
47133 7
47179 10
47187 0
47208 7
47230 7
47236 4
47274 7
47277 3
47306 2
47317 5
47320 5
47335 6
47363 5
47397 10
47400 8
47419 6
47428 5
47434 4
47445 3
47458 1
47470 9
47479 2
47480 9
47500 4
47537 10
47553 8
47566 10
47573 3
47605 6
47613 8
47624 4
47627 8
47662 3
47669 2
47676 0
47711 2
47719 7
47719 9
47760 1
47776 9
47791 7
47820 8
47826 7
47832 10
47840 1
47848 1
47858 10
47874 9
47885 8
47885 1
47914 2
47942 4
47961 10
47992 3
47992 5
48009 3
48032 2
48041 6
48043 1
48045 0
48121 5
48134 8
48154 5
48185 1
48201 4
48247 6
48248 5
48254 2
48257 7
48280 0
48283 5
48295 10
48303 10
48312 2
48324 10
48356 2
48377 0
48387 1
48391 3
48393 1
48394 2
48413 7
48434 9
48454 3
48466 6
48491 10
48504 5
48504 6
48508 5
48512 3
48558 2
48559 7
48611 1
48621 2
48626 3
48627 8
48659 8
48678 5
48700 3
48731 7
48748 9
48756 9
48764 4
48765 7
48773 6
48799 1
48807 3
48816 10
48831 0
48839 9
48848 7
48850 3
48861 9
48865 3
48870 9
48878 3
48886 4
48894 1
48936 0
48938 1
48953 9
48960 0
48963 9
48979 8
48995 9
48996 3
49004 4
49020 6
49023 2
49048 9
49048 4
49057 7
49059 8
49064 0
49071 9
49082 2
49101 8
49114 8
49125 1
49131 7
49131 9
49159 0
49170 5
49188 1
49194 6
49208 0
49212 4
49218 4
49232 5
49237 9
49249 1
49299 5
49305 6
49306 5
49312 1
49321 10
49345 8
49345 4
49349 1
49376 4
49385 1
49392 9
49404 1
49418 2
49461 9
49466 6
49493 10
49496 0
49498 9
49507 5
49523 6
49525 8
49532 0
49541 2
49545 0
49547 4
49548 7
49570 10
49575 3
49580 3
49603 8
49629 2
49640 6
49642 3
49642 6
49645 10
49696 7
49718 3
49718 2
49726 7
49737 9
49739 8
49742 5
49785 2
49789 4
49803 9
49811 8
49812 1
49828 10
49847 3
49854 8
49856 0
49889 4
49942 0
49948 7
49962 9
49971 7
49976 3
50013 4
50016 3
50042 1
50050 3
50051 7
50055 7
50056 4
50066 6
50072 5
50075 5
50109 2
50123 5
50139 10
50205 8
50210 3
50240 4
50282 4
50308 8
50331 8
50357 0
50365 1
50369 2
50382 5
50396 0
50409 8
50431 2
50445 7
50450 6
50451 5
50465 5
50477 1
50478 4
50510 1
50550 10
50622 8
50633 4
50649 9
50663 7
50667 0
50668 8
50684 8
50693 8
50696 3
50700 8
50704 1
50714 9
50742 5
50753 0
50764 9
50782 0
50790 9
50806 2
50840 6
50860 2
50869 3
50874 8
50918 4
50927 4
50938 7
50946 5
51019 1
51020 5
51026 3
51050 7
51056 1
51101 4
51105 1
51118 7
51167 4
51176 10
51177 6
51184 9
51191 3
51199 7
51215 6
51219 1
51222 2
51238 8
51244 8
51265 0
51268 0
51269 0
51281 10
51292 6
51344 6
51394 7
51400 5
51406 2
51409 10
51418 6
51427 8
51436 0
51457 7
51495 9
51510 5
51527 9
51528 4
51535 0
51544 2
51545 3
51578 7
51599 6
51603 8
51644 8
51646 5
51665 8
51693 7
51727 0
51729 5
51729 0
51732 9
51735 5
51739 3
51744 7
51803 4
51834 8
51836 6
51841 9
51857 8
51910 8
51913 9
51923 8
51928 8
51936 6
51936 4
51940 3
51974 1
52007 9
52020 10
52031 9
52050 0
52060 4
52077 8
52084 3
52084 5
52085 4
52089 5
52106 3
52116 6
52151 0
52183 6
52184 0
52203 10
52212 9
52224 6
52235 9
52254 6
52268 2
52289 9
52299 4
52305 1
52325 0
52338 10
52347 8
52354 1
52400 3
52401 4
52412 7
52418 10
52445 6
52460 8
52479 9
52487 0
52488 0
52491 2
52505 0
52513 5
52520 7
52522 1
52535 6
52561 9
52612 5
52621 7
52661 8
52670 2
52679 4
52709 9
52732 10
52753 6
52762 2
52770 1
52786 6
52795 6
52804 9
52809 9
52847 6
52864 1
52882 6
52883 10
52887 10
52890 3
52946 0
52956 6
52962 1
52964 6
52972 9
52976 3
52993 6
53000 3
53032 1
53034 1
53071 9
53087 0
53104 3
53112 1
53132 0
53142 5
53158 8
53159 8
53162 7
53165 5
53188 0
53191 0
53192 6
53206 7
53213 5
53220 10
53259 4
53263 9
53263 3
53274 6
53278 1
53321 9
53325 7
53375 1
53391 1
53414 0
53464 7
53475 9
53529 4
53568 0
53584 6
53599 8
53603 6
53620 1
53623 0
53643 5
53661 7
53668 1
53668 3
53679 7
53738 9
53759 8
53764 7
53785 6
53787 7
53813 0
53816 7
53820 1
53834 5
53853 7
53868 4
53871 6
53872 2
53919 4
53943 9
53949 7
53956 1
53965 1
53970 7
53999 0
54024 9
54031 4
54082 6
54101 5
54128 4
54144 5
54145 2
54169 2
54173 10
54181 7
54218 2
54234 4
54244 2
54253 10
54264 2
54264 10
54266 3
54280 10
54310 3
54318 7
54320 8
54326 7
54347 6
54366 0
54398 0
54406 2
54414 10
54449 8
54454 1
54464 7
54469 0
54488 5
54488 0
54490 3
54511 2
54520 5
54550 5
54566 10
54576 9
54585 1
54607 8
54648 1
54692 1
54711 1
54719 3
54751 7
54759 5
54790 4
54794 0
54832 0
54860 2
54870 9
54873 2
54878 5
54899 4
54900 6
54917 7
54942 10
54965 4
54977 3
55006 1
55006 2
55016 4
55075 6
55076 4
55081 4
55091 9
55092 4
55096 0
55118 1
55128 0
55133 9
55135 10
55138 0
55153 3
55167 1
55168 6
55175 6
55230 2
55267 2
55267 6
55306 10
55369 4
55381 9
55385 8
55387 8
55396 3
55404 2
55421 6
55446 1
55453 6
55481 8
55530 5
55544 0
55582 10
55608 4
55616 5
55647 5
55652 1
55680 10
55686 3
55695 5
55697 8
55706 5
55720 8
55726 3
55729 4
55729 9
55760 9
55763 3
55764 7
55777 10
55796 5
55801 0
55854 2
55856 5
55874 10
55881 7
55887 9
55889 5
55897 5
55897 4
55900 8
55912 0
55935 9
55954 5
56007 3
56008 10
56008 7
56008 5
56011 0
56084 3
56096 5
56126 8
56144 9
56151 1
56162 6
56170 1
56184 0
56184 8
56196 7
56252 2
56270 7
56289 10
56299 10
56304 2
56307 6
56320 7
56338 5
56380 2
56395 0
56402 7
56408 2
56435 9
56437 6
56448 8
56462 0
56480 5
56491 2
56493 8
56540 0
56546 0
56562 6
56565 7
56579 3
56608 10
56621 4
56631 7
56667 5
56674 7
56721 8
56726 0
56752 5
56812 8
56820 10
56859 9
56880 1
56891 9
56903 5
56910 4
56911 8
56914 3
56933 6
56943 6
56946 2
56955 4
56958 8
56964 9
56971 6
57024 5
57034 5
57040 7
57041 5
57049 6
57053 10
57089 4
57156 10
57166 5
57199 5
57209 2
57226 3
57229 1
57245 10
57246 3
57278 8
57279 0
57297 3
57312 3
57315 3
57338 9
57371 7
57372 7
57384 10
57437 9
57438 6
57459 6
57460 8
57466 7
57532 3
57535 7
57561 0
57607 4
57652 9
57655 4
57663 2
57674 5
57677 10
57717 0
57735 5
57739 7
57746 1
57759 7
57760 9
57777 1
57788 10
57797 7
57828 3
57835 4
57837 10
57868 5
57869 8
57876 5
57888 1
57894 5
57908 4
57909 2
57927 2
57949 8
57958 9
57962 4
57984 10
58000 5
58013 4
58026 10
58033 7
58084 2
58095 9
58098 3
58105 4
58107 8
58125 10
58135 9
58142 8
58221 3
58241 2
58246 3
58277 4
58288 2
58298 7
58308 1
58374 7
58382 8
58397 6
58467 4
58471 10
58478 10
58485 5
58511 7
58523 7
58541 7
58543 10
58555 1
58612 4
58616 2
58620 9
58643 3
58655 9
58672 7
58678 4
58691 8
58710 9
58713 6
58732 9
58750 7
58757 9
58762 5
58790 7
58792 6
58800 10
58825 1
58833 0
58839 7
58840 10
58849 3
58875 9
58876 5
58901 1
58901 0
58903 9
58918 3
58927 2
58942 3
58980 9
59005 2
59016 10
59038 9
59053 2
59056 10
59056 3
59064 9
59087 1
59112 0
59122 2
59158 9
59158 10
59158 8
59167 9
59172 3
59175 2
59191 8
59219 1
59224 2
59243 1
59278 5
59280 7
59295 0
59296 1
59300 2
59309 6
59329 6
59339 1
59355 0
59370 4
59376 2
59403 3
59404 0
59405 5
59411 4
59411 5
59423 6
59433 9
59441 3
59523 9
59564 2
59587 4
59617 7
59636 7
59636 2
59655 0
59658 8
59659 2
59666 4
59673 1
59683 0
59683 10
59706 7
59723 9
59735 5
59763 4
59772 4
59825 9
59827 1
59855 4
59858 9
59878 9
59920 1
59927 9
59972 8
60028 9
60038 4
60040 7
60058 9
60111 3
60138 1
60150 9
60182 10
60182 0
60190 9
60202 1
60203 7
60210 5
60228 7
60230 4
60237 7
60247 4
60249 6
60288 6
60324 3
60337 6
60344 8
60407 7
60408 9
60413 6
60414 1
60466 10
60471 0
60499 0
60512 6
60515 10
60515 2
60520 4
60526 7
60528 3
60530 2
60547 8
60547 4
60559 2
60564 6
60566 2
60574 0
60643 0
60654 5
60711 8
60724 5
60734 10
60736 2
60760 1
60765 8
60776 2
60781 1
60800 9
60819 4
60849 5
60870 10
60882 5
60907 6
60911 8
60952 6
60977 5
60982 7
60984 4
61002 6
61002 10
61048 4
61050 6
61067 3
61072 7
61079 5
61080 10
61084 6
61088 0
61117 4
61119 6
61122 0
61136 10
61146 8
61147 6
61166 9
61188 0
61190 4
61194 4
61229 9
61239 6
61254 6
61277 3
61292 3
61294 0
61294 10
61319 1
61323 5
61369 1
61381 9
61406 8
61411 7
61413 1
61419 2
61421 4
61435 3
61465 3
61469 9
61479 3
61479 1
61487 5
61495 2
61547 5
61555 5
61565 4
61584 4
61590 0
61637 10
61662 8
61689 2
61701 10
61733 4
61735 7
61764 9
61799 2
61822 5
61860 8
61882 1
61917 0
61923 9
61956 2
61968 3
61982 5
62001 5
62004 6
62012 4
62027 6
62032 2
62044 8
62058 3
62070 2
62072 4
62079 3
62083 2
62103 1
62130 8
62151 4
62176 1
62185 1
62192 3
62221 5
62235 3
62243 9
62246 6
62271 3
62278 5
62284 10
62285 0
62323 2
62333 2
62356 8
62458 4
62469 4
62486 1
62503 3
62514 4
62517 9
62535 7
62538 9
62557 2
62621 6
62665 9
62737 0
62782 2
62826 7
62829 7
62864 0
62869 4
62882 3
62930 2
62931 7
62934 0
62950 9
62970 6
62992 3
62993 3
63015 7
63027 8
63031 3
63042 1
63048 2
63051 10
63115 9
63123 8
63158 9
63169 3
63175 0
63179 9
63249 10
63282 8
63287 3
63292 7
63304 8
63312 7
63332 1
63342 8
63350 0
63363 5
63364 0
63366 2
63371 7
63376 8
63379 1
63381 4
63386 9
63393 0
63401 4
63404 7
63405 7
63406 5
63422 2
63432 2
63441 10
63477 6
63478 7
63525 4
63543 5
63544 4
63548 3
63566 6
63572 9
63588 6
63601 10
63616 7
63625 9
63638 1
63643 7
63644 2
63674 0
63681 6
63689 5
63714 10
63721 2
63736 0
63772 10
63789 8
63808 10
63849 9
63859 3
63864 7
63895 5
63907 7
63950 6
63972 8
63974 3
64034 5
64104 0
64108 9
64110 8
64152 8
64174 6
64192 7
64212 0
64225 4
64277 5
64297 6
64318 0
64331 1
64339 0
64362 10
64369 10
64392 0
64407 6
64409 8
64413 2
64446 2
64450 9
64458 3
64466 8
64484 5
64542 7
64549 5
64564 7
64565 3
64573 4
64583 5
64592 9
64611 7
64641 8
64653 4
64655 9
64685 2
64716 2
64719 9
64728 9
64738 5
64745 9
64755 5
64759 4
64781 0
64795 0
64818 1
64839 2
64877 0
64883 0
64906 1
64911 2
64914 7
64925 9
64943 4
64951 6
64987 2
64991 5
65000 2
65005 9
65010 3
65012 1
65024 3
65045 6
65059 8
65083 2
65088 4
65088 7
65094 9
65110 10
65113 9
65138 6
65139 5
65146 0
65186 1
65189 7
65219 7
65227 1
65228 2
65233 8
65263 2
65281 3
65296 8
65309 0
65325 10
65345 1
65374 7
65378 0
65379 0
65399 3
65420 7
65423 3
65427 6
65431 4
65440 9
65458 1
65469 3
65472 7
65484 9
65496 6
65506 0
65540 8
65549 3
65551 7
65571 7
65578 8
65580 1
65608 8
65631 9
65636 10
65657 3
65669 7
65682 8
65682 3
65706 9
65735 0
65740 1
65829 1
65891 8
65902 2
65973 6
65975 10
66004 1
66011 2
66013 8
66083 10
66087 3
66091 3
66094 1
66101 1
66147 10
66155 1
66176 6
66179 9
66181 8
66184 3
66190 2
66260 9
66273 10
66289 0
66309 2
66310 8
66350 2
66352 6
66417 10
66421 4
66433 6
66447 9
66456 0
66460 1
66473 0
66528 6
66573 0
66641 9
66721 8
66829 4
66873 0
66939 8
66957 6
66991 5
67013 3
67019 8
67043 8
67054 2
67074 8
67096 8
67107 1
67119 9
67119 7
67129 2
67155 8
67184 4
67204 7
67259 1
67269 9
67285 2
67289 9
67290 4
67360 2
67377 6
67395 2
67420 8
67432 3
67445 5
67457 6
67474 4
67489 10
67493 6
67513 4
67517 4
67530 5
67538 8
67576 1
67576 2
67614 5
67634 2
67638 4
67655 6
67664 2
67673 0
67678 8
67754 9
67761 0
67781 3
67796 8
67802 0
67854 2
67857 6
67858 3
67863 7
67866 7
67883 10
67892 5
67907 1
67935 2
67950 4
67961 6
67973 7
67983 1
67985 3
67995 1
68015 6
68042 10
68051 5
68065 8
68069 10
68093 2
68132 6
68134 4
68169 7
68200 10
68237 6
68248 6
68258 5
68262 1
68263 5
68270 3
68271 2
68283 6
68289 7
68306 8
68344 1
68355 8
68370 7
68377 9
68403 8
68415 5
68426 0
68443 7
68445 10
68468 4
68470 2
68472 2
68485 1
68503 9
68514 9
68520 9
68534 9
68559 10
68608 1
68668 3
68679 6
68706 1
68707 6
68712 4
68715 6
68723 2
68724 7
68749 3
68759 4
68764 8
68765 3
68767 10
68770 8
68791 8
68815 7
68877 10
68895 0
68901 10
68901 4
68906 2
68959 8
68988 0
68988 6
69004 10
69012 0
69016 2
69058 0
69108 1
69116 1
69130 10
69153 5
69154 7
69164 2
69169 0
69192 3
69259 9
69288 4
69290 2
69293 3
69297 10
69305 8
69359 10
69367 5
69405 10
69449 6
69480 2
69538 10
69542 6
69561 1
69578 0
69594 8
69615 0
69629 2
69631 8
69635 6
69636 1
69638 10
69662 1
69672 3
69676 10
69691 1
69707 0
69719 9
69721 6
69726 0
69736 6
69744 6
69747 5
69763 10
69775 4
69792 2
69807 0
69912 3
69913 4
69922 1
69954 2
69956 3
69960 4
69982 8
69992 10
70010 8
70016 9
70022 10
70027 4
70040 9
70072 2
70086 2
70110 7
70122 8
70135 0
70176 0
70184 4
70192 0
70211 7
70223 8
70244 2
70281 1
70288 9
70358 6
70404 1
70425 10
70438 0
70500 10
70523 8
70524 0
70536 4
70563 0
70567 9
70573 0
70574 5
70576 7
70623 1
70644 4
70664 3
70671 8
70672 5
70698 6
70703 3
70705 5
70716 7
70735 0
70749 9
70785 1
70801 2
70807 1
70842 10
70860 10
70892 6
70915 9
70922 1
70932 9
70947 4
70997 8
71019 3
71032 7
71036 8
71096 5
71114 7
71123 6
71127 10
71177 5
71218 9
71220 4
71237 6
71252 10
71346 10
71375 8
71384 3
71408 1
71455 4
71456 7
71456 3
71478 8
71504 4
71516 3
71538 6
71542 5
71543 0
71586 0
71596 8
71599 7
71600 9
71610 1
71644 1
71661 4
71723 0
71748 10
71764 2
71767 8
71803 5
71842 4
71861 1
71862 0
71872 9
71879 6
71886 4
71903 1
71944 8
71948 3
71956 10
71991 3
72003 8
72006 5
72016 4
72037 0
72044 0
72057 8
72084 6
72085 9
72144 9
72146 10
72160 2
72197 10
72201 2
72210 6
72214 4
72250 9
72257 3
72258 7
72283 5
72326 5
72327 7
72337 8
72363 8
72369 1
72397 8
72409 7
72434 3
72438 2
72439 9
72512 2
72514 4
72523 4
72542 0
72559 4
72565 7
72602 1
72603 8
72608 3
72722 3
72723 4
72734 6
72771 4
72785 0
72801 2
72816 6
72843 6
72853 4
72873 2
72895 1
72902 6
72949 4
72959 7
72986 7
72997 1
73051 1
73051 10
73061 10
73070 9
73103 10
73122 9
73135 7
73149 5
73158 8
73169 3
73207 3
73229 9
73302 6
73316 5
73322 1
73336 7
73379 0
73402 9
73406 5
73416 9
73431 5
73436 10
73476 9
73507 6
73507 3
73544 8
73579 6
73585 4
73695 0
73718 6
73721 5
73723 5
73733 0
73749 4
73756 5
73794 3
73804 4
73813 2
73850 0
73854 6
73877 0
73926 3
73937 3
73943 0
73986 4
73986 0
74001 4
74002 6
74017 2
74055 4
74058 9
74077 8
74080 3
74087 10
74096 0
74115 1
74130 8
74150 1
74168 7
74179 0
74201 4
74215 0
74255 7
74271 10
74297 0
74300 8
74312 2
74316 10
74328 4
74350 2
74376 2
74391 5
74404 7
74411 4
74420 8
74421 10
74447 3
74473 8
74531 4
74536 7
74615 1
74626 8
74640 2
74663 10
74675 7
74714 9
74765 9
74766 9
74768 6
74772 10
74808 3
74861 5
74898 8
74914 5
74926 0
74948 6
74990 0
74992 8
75001 10
75009 3
75012 6
75017 2
75017 8
75020 5
75021 10
75025 2
75039 4
75047 3
75075 0
75080 3
75140 3
75157 10
75201 2
75220 4
75227 6
75230 2
75239 0
75256 1
75257 3
75258 10
75265 6
75276 5
75317 3
75320 6
75326 1
75331 7
75348 6
75361 9
75369 5
75377 0
75431 2
75436 9
75440 7
75441 9
75465 0
75469 7
75476 7
75490 3
75495 3
75510 2
75516 7
75541 0
75598 4
75602 8
75605 10
75611 5
75622 1
75634 2
75639 1
75656 6
75679 7
75699 4
75710 5
75710 1
75765 5
75815 9
75842 10
75850 8
75898 5
75903 6
75905 5
75944 7
75948 3
75973 9
75997 9
76007 3
76021 6
76045 3
76061 9
76069 8
76081 1
76088 9
76139 3
76142 1
76155 7
76212 6
76216 5
76221 9
76224 1
76224 4
76231 7
76237 2
76259 3
76261 5
76281 3
76293 3
76341 8
76346 8
76378 10
76398 8
76450 8
76456 9
76458 2
76481 8
76512 0
76526 5
76545 0
76579 0
76609 9
76647 8
76669 1
76712 9
76735 8
76739 2
76762 6
76765 9
76769 6
76773 1
76780 2
76804 3
76809 6
76831 10
76833 10
76837 0
76839 8
76841 6
76921 6
76944 8
77052 8
77052 0
77054 6
77087 8
77119 2
77145 9
77154 2
77178 6
77179 5
77186 8
77199 6
77201 10
77214 8
77217 5
77220 7
77230 8
77245 0
77265 5
77267 1
77285 1
77291 5
77309 4
77375 9
77404 5
77404 2
77405 9
77424 3
77427 7
77433 5
77433 9
77439 4
77447 6
77517 9
77562 3
77573 3
77578 4
77611 8
77638 4
77639 3
77657 7
77668 10
77691 7
77699 2
77735 7
77751 10
77767 6
77771 0
77795 5
77798 0
77823 5
77828 9
77830 0
77853 2
77856 10
77860 8
77889 4
77913 0
77923 10
77933 5
77935 4
77965 2
78026 4
78027 8
78036 4
78066 0
78068 6
78097 6
78130 7
78148 0
78156 2
78167 9
78176 10
78194 8
78227 7
78229 10
78230 9
78256 5
78258 10
78274 8
78295 4
78352 7
78360 0
78361 3
78366 8
78381 10
78381 8
78415 9
78428 4
78486 4
78495 10
78537 5
78558 1
78587 8
78620 8
78653 9
78658 8
78661 3
78669 7
78682 6
78682 9
78721 8
78725 8
78733 1
78738 2
78739 5
78746 7
78773 5
78783 0
78805 6
78809 3
78826 9
78889 10
78921 3
78947 2
78954 0
78966 4
78970 7
78983 10
78990 0
78991 0
78992 1
79024 9
79027 9
79028 6
79037 1
79088 8
79089 1
79093 2
79093 9
79099 9
79106 5
79118 7
79144 6
79157 9
79185 7
79186 9
79192 3
79207 3
79221 8
79269 2
79292 4
79298 0
79302 7
79302 10
79304 2
79323 1
79328 10
79350 8
79378 5
79400 2
79418 6
79464 4
79472 0
79484 2
79552 0
79552 5
79580 9
79587 0
79609 3
79619 7
79645 1
79654 8
79661 3
79680 6
79694 9
79707 2
79725 5
79732 0
79764 10
79785 4
79800 7
79800 9
79825 4
79826 3
79859 4
79866 3
79867 7
79902 8
79913 3
79927 10
79939 9
79939 7
79973 1
79984 8
79990 10
79996 0
80004 1
80010 4
80016 5
80036 4
80044 5
80047 2
80053 10
80077 3
80105 0
80106 5
80183 9
80183 8
80188 6
80209 6
80215 5
80241 5
80250 8
80296 0
80296 5
80297 6
80307 8
80321 10
80333 6
80380 1
80390 8
80414 4
80419 9
80422 9
80428 2
80444 9
80456 0
80480 7
80495 8
80496 0
80520 6
80535 6
80545 3
80545 9
80580 2
80656 5
80656 10
80684 1
80716 2
80719 9
80748 10
80783 7
80786 0
80794 4
80796 10
80873 0
80875 6
80892 3
80894 6
80902 0
80915 3
80930 2
80945 6
80974 10
80980 4
80986 5
80987 1
80991 5
81002 10
81026 10
81055 0
81081 5
81093 4
81124 10
81148 4
81167 1
81181 4
81185 1
81189 3
81193 5
81197 7
81204 9
81242 6
81248 1
81260 3
81261 3
81269 0
81294 2
81302 6
81303 6
81310 10
81317 2
81326 3
81366 6
81405 6
81421 2
81422 1
81425 9
81439 9
81473 1
81480 6
81483 7
81483 3
81490 2
81519 3
81550 10
81574 6
81587 0
81631 5
81631 0
81655 1
81687 9
81694 8
81696 10
81720 0
81733 6
81778 5
81779 5
81806 0
81816 3
81836 9
81880 3
81928 4
81941 3
81993 8
82019 2
82021 7
82041 7
82041 2
82054 7
82080 7
82107 7
82110 8
82113 6
82122 3
82146 5
82150 4
82154 8
82155 6
82159 3
82196 5
82213 1
82218 1
82218 3
82219 8
82220 8
82237 7
82238 10
82239 0
82246 0
82260 3
82278 7
82311 7
82368 10
82372 8
82402 5
82438 7
82443 7
82453 6
82460 2
82463 5
82494 5
82512 7
82512 2
82525 0
82535 5
82549 8
82565 5
82565 0
82574 7
82607 6
82632 10
82647 8
82667 2
82673 0
82694 10
82696 3
82699 3
82738 4
82739 0
82740 9
82751 8
82769 8
82769 3
82779 6
82781 5
82783 6
82860 5
82865 3
82874 1
82894 2
82917 5
82935 9
82944 6
82946 0
82999 9
83002 3
83013 6
83022 1
83065 3
83070 8
83081 7
83082 2
83175 10
83216 0
83315 8
83320 8
83327 2
83330 10
83338 8
83343 4
83376 3
83382 6
83382 5
83393 10
83418 10
83423 9
83447 7
83449 10
83497 0
83552 1
83555 4
83571 2
83604 8
83607 3
83607 0
83619 2
83619 5
83647 4
83659 6
83680 3
83701 4
83720 3
83772 3
83803 2
83818 1
83823 9
83841 7
83869 7
83883 7
83891 10
83891 2
83918 3
83918 5
83923 5
83934 4
83936 8
83942 3
83964 8
83972 9
83976 5
83985 10
84007 6
84011 0
84024 2
84042 8
84047 6
84054 8
84063 8
84086 4
84105 7
84107 1
84118 4
84154 7
84194 1
84198 0
84204 0
84219 2
84260 1
84270 7
84288 4
84301 6
84325 2
84352 10
84363 0
84372 4
84382 5
84431 7
84439 2
84445 2
84449 7
84449 3
84452 1
84515 2
84586 7
84612 1
84616 0
84630 7
84641 1
84652 1
84657 4
84661 1
84668 7
84685 4
84700 8
84713 5
84717 9
84749 7
84769 9
84782 10
84791 6
84796 2
84803 1
84804 4
84810 5
84825 4
84830 2
84844 5
84859 1
84886 5
84908 7
84913 5
84918 4
84922 3
84966 5
84971 1
84976 3
84980 5
85046 5
85051 8
85052 6
85056 4
85059 5
85063 8
85072 6
85079 7
85086 3
85094 10
85096 5
85120 8
85123 8
85127 4
85146 6
85158 0
85187 9
85194 7
85231 2
85255 6
85256 4
85266 6
85290 6
85308 2
85328 2
85342 1
85360 8
85366 10
85371 7
85387 7
85398 10
85405 3
85451 4
85474 2
85475 0
85485 6
85500 1
85528 1
85536 5
85570 8
85579 5
85580 7
85599 5
85609 4
85623 1
85728 9
85730 8
85737 4
85785 3
85801 1
85810 4
85811 2
85811 8
85828 8
85830 6
85839 0
85877 3
85881 4
85885 3
85907 0
85907 2
85911 0
85915 1
85918 1
85926 2
85930 5
85959 5
85964 9
85980 3
86001 5
86014 4
86018 5
86020 3
86027 0
86044 6
86047 1
86060 9
86078 8
86096 0
86118 2
86138 7
86145 2
86164 5
86202 2
86224 3
86240 7
86252 4
86252 7
86271 4
86291 4
86294 8
86327 3
86396 0
86409 8
86446 10
86461 5
86465 5
86467 3
86494 8
86502 8
86504 9
86508 4
86534 10
86541 10
86543 2
86555 4
86564 7
86570 7
86575 2
86580 6
86586 6
86634 3
86643 5
86644 10
86681 9
86708 7
86719 9
86732 8
86735 6
86754 3
86792 5
86794 10
86801 10
86814 2
86819 3
86825 0
86833 7
86834 7
86863 1
86864 0
86864 1
86881 6
86891 2
86902 5
86926 1
86932 8
86936 2
86952 4
87004 6
87008 1
87028 5
87042 10
87042 4
87055 2
87067 5
87078 4
87112 1
87114 0
87147 0
87150 7
87181 2
87188 8
87218 9
87244 9
87246 2
87268 5
87289 6
87292 2
87301 3
87314 10
87323 3
87327 9
87332 4
87355 6
87359 0
87362 6
87375 8
87424 7
87490 10
87507 7
87580 10
87584 7
87599 4
87620 9
87645 4
87650 7
87651 3
87651 7
87671 3
87678 6
87696 0
87721 9
87723 3
87725 2
87725 8
87783 6
87791 4
87799 7
87866 2
87871 3
87876 3
87893 8
87919 1
87919 2
87965 6
87971 2
87987 2
87992 7
87993 2
87996 4
88003 0
88004 0
88008 10
88019 8
88029 9
88058 3
88070 6
88093 6
88120 7
88121 3
88174 1
88231 7
88241 8
88278 5
88301 0
88304 5
88321 0
88324 10
88330 5
88381 9
88411 4
88420 4
88422 3
88456 5
88456 2
88477 7
88497 7
88515 5
88559 6
88579 4
88586 3
88635 4
88654 5
88725 10
88730 10
88735 10
88776 1
88781 0
88792 5
88809 8
88820 0
88827 2
88847 9
88857 4
88877 3
88885 0
88888 3
88905 4
88965 2
89004 7
89014 0
89123 10
89202 5
89224 9
89226 8
89251 7
89253 6
89269 0
89282 10
89299 3
89306 7
89313 8
89322 3
89369 6
89411 4
89414 6
89430 10
89434 7
89444 3
89498 10
89536 1
89548 0
89600 1
89622 8
89623 8
89626 5
89640 6
89658 10
89670 0
89674 8
89693 0
89706 10
89707 7
89728 7
89733 9
89743 0
89744 9
89752 9
89773 4
89773 2
89786 1
89790 8
89803 2
89833 1
89846 4
89847 0
89859 5
89875 1
89878 6
89930 0
89957 2
90020 2
90039 3
90051 10
90066 1
90074 0
90097 3
90112 10
90115 5
90118 0
90134 10
90151 1
90161 1
90164 8
90176 8
90185 1
90188 0
90225 6
90239 1
90242 5
90285 3
90307 1
90350 5
90410 6
90419 2
90425 3
90436 0
90447 1
90449 5
90471 4
90534 5
90548 8
90561 6
90564 7
90565 2
90576 8
90578 6
90588 0
90592 2
90607 4
90607 2
90618 1
90624 3
90659 4
90673 4
90699 3
90700 6
90703 2
90708 2
90721 0
90733 2
90763 7
90769 9
90778 4
90787 4
90803 5
90815 5
90830 2
90836 3
90869 0
90870 1
90900 1
90900 2
90942 4
90947 5
90952 6
90997 7
91016 7
91038 3
91042 4
91051 2
91062 2
91070 1
91074 3
91082 1
91120 9
91136 5
91143 8
91150 0
91153 10
91162 0
91180 2
91182 7
91188 6
91190 10
91215 5
91242 0
91265 0
91270 0
91292 3
91293 8
91306 2
91312 0
91324 10
91381 8
91415 2
91435 7
91479 9
91485 3
91511 2
91522 5
91523 2
91533 4
91544 9
91549 8
91566 2
91579 6
91636 4
91638 9
91646 3
91659 8
91713 7
91725 6
91838 3
91846 5
91856 0
91859 5
91900 8
91938 9
92004 1
92007 8
92014 5
92026 4
92026 8
92045 5
92050 8
92090 2
92121 1
92128 4
92155 3
92171 8
92185 1
92214 3
92311 1
92356 5
92386 1
92409 7
92417 5
92435 2
92458 9
92460 7
92465 5
92466 4
92480 4
92489 1
92498 0
92517 8
92526 1
92554 9
92593 1
92595 10
92604 3
92644 8
92652 10
92672 10
92728 5
92733 10
92755 2
92785 9
92798 7
92847 8
92863 2
92892 3
92895 10
92916 8
92918 2
92934 9
92963 7
92965 1
92969 8
92978 7
92978 6
92995 1
92998 3
93002 7
93038 6
93063 8
93064 9
93067 4
93067 6
93078 9
93097 0
93121 2
93134 2
93147 0
93206 3
93211 8
93217 4
93219 5
93231 7
93254 5
93258 4
93288 5
93314 1
93324 1
93379 1
93415 4
93428 4
93443 4
93443 10
93449 8
93453 4
93454 8
93464 9
93465 7
93479 4
93503 0
93527 9
93555 1
93562 5
93567 10
93568 8
93602 0
93620 6
93626 1
93636 5
93662 10
93665 4
93665 7
93692 0
93696 8
93704 9
93739 8
93765 0
93783 1
93792 6
93819 6
93878 1
93890 7
93900 7
93924 7
93987 3
93988 10
94004 8
94011 9
94014 6
94019 6
94046 4
94049 6
94054 2
94083 0
94098 5
94108 0
94129 7
94132 1
94135 8
94145 7
94149 4
94153 6
94156 7
94162 0
94188 8
94190 2
94207 5
94207 2
94210 9
94217 0
94218 10
94226 6
94236 7
94236 1
94255 10
94259 4
94266 8
94268 6
94302 9
94329 9
94359 3
94393 7
94414 8
94428 4
94433 9
94447 3
94474 0
94503 5
94543 0
94567 1
94569 8
94572 3
94618 0
94637 6
94647 9
94664 8
94673 1
94689 0
94707 5
94711 2
94723 5
94726 2
94735 6
94777 2
94805 6
94810 0
94813 6
94820 3
94847 1
94858 4
94861 3
94861 4
94897 6
94909 8
94915 1
94932 1
94965 5
94971 7
95016 0
95073 7
95086 1
95115 5
95161 8
95193 9
95196 2
95196 7
95258 2
95259 10
95263 10
95282 6
95285 2
95315 8
95340 0
95358 8
95390 4
95391 4
95400 7
95420 5
95440 4
95450 10
95450 2
95479 7
95481 8
95494 6
95505 8
95516 10
95525 0
95537 1
95564 5
95585 2
95633 8
95669 9
95696 7
95704 5
95712 4
95723 5
95777 6
95792 8
95795 10
95816 1
95832 10
95846 6
95861 1
95878 5
95880 10
95900 5
95923 6
95936 10
95968 2
95978 9
95995 10
96007 3
96008 10
96030 3
96062 4
96072 1
96081 7
96101 7
96105 4
96119 9
96122 1
96123 8
96135 8
96154 4
96177 9
96178 0
96179 1
96189 0
96206 4
96219 7
96244 4
96248 7
96267 7
96268 4
96285 6
96304 1
96308 8
96323 6
96325 8
96334 2
96345 7
96418 1
96444 8
96451 5
96462 9
96471 3
96478 10
96502 1
96516 6
96526 5
96541 7
96554 7
96583 2
96595 2
96596 3
96597 8
96602 6
96619 0
96644 0
96644 6
96651 1
96652 0
96653 6
96679 1
96684 8
96750 4
96783 5
96793 5
96811 6
96825 10
96831 7
96859 7
96871 10
96894 4
96913 3
96913 7
96925 6
96931 10
96962 7
96978 2
96985 3
97017 0
97029 6
97031 7
97046 3
97083 5
97120 5
97128 9
97132 2
97169 1
97174 9
97188 1
97188 5
97193 0
97203 7
97242 6
97244 7
97265 3
97272 7
97291 10
97318 9
97319 2
97365 2
97393 3
97403 6
97413 4
97415 0
97472 6
97488 6
97488 10
97525 0
97529 9
97532 5
97554 2
97575 3
97578 6
97627 4
97637 6
97641 5
97642 9
97645 9
97707 9
97711 9
97713 0
97714 1
97715 6
97750 5
97752 10
97762 4
97767 10
97826 0
97832 9
97837 3
97848 9
97859 0
97870 2
97877 4
97905 7
97909 10
97912 3
97923 6
97923 1
97924 4
97944 6
97946 8
97947 8
97947 4
97954 6
97980 6
98025 4
98029 0
98029 5
98052 2
98091 10
98103 10
98141 4
98146 9
98146 5
98156 7
98189 0
98197 7
98228 0
98232 3
98256 2
98269 2
98277 5
98306 1
98341 7
98350 2
98354 3
98370 10
98383 3
98422 2
98440 7
98444 5
98461 8
98489 7
98555 2
98583 3
98585 8
98614 5
98635 5
98645 9
98657 5
98665 1
98674 10
98694 10
98709 7
98725 0
98740 8
